h =

   5.6036e-14
   2.1454e-11
   5.2661e-14
   8.1301e-17
   2.8006e-17
   6.7193e-17
   1.3360e-15
   4.3348e-08
   3.9375e-17
   1.1522e-13
   4.2976e-17
   5.9031e-16
   1.7748e-17
   5.9010e-10
   2.5794e-13
   1.8557e-10
   2.2004e-16
   3.7679e-14
   7.0104e-08
   4.3796e-15
   1.2145e-15
   6.0108e-12
   8.9551e-16
   4.8610e-11
   1.2681e-15
   5.9373e-15
   3.8702e-10
   1.1928e-11
   6.6950e-09
   4.6267e-13
   2.7479e-04
   1.0830e-16
   2.3851e-20
   1.9995e-15
   1.0720e-18
   1.6326e-14
   1.4416e-14
   3.3385e-15
   3.6302e-19
   2.2765e-20
   3.5781e-16
   1.8223e-12
   2.0847e-12
   3.0128e-15
   1.7235e-12
   3.3871e-18
   1.0507e-14
   1.2784e-16
   9.6622e-13
   7.0586e-11
   4.7469e-17
   5.1845e-14
   1.7172e-16
   7.5079e-14
   1.0187e-16
   3.0952e-16
   2.9622e-14
   4.8337e-13
   6.7182e-16
   3.0482e-15
   4.3668e-15
   1.6715e-16
   3.2392e-19
   1.2473e-13
   1.9209e-13
   7.3242e-14
   2.4077e-17
   1.0252e-16
   1.6934e-16
   1.0337e-18
   2.5136e-13
   2.2048e-12
   7.6751e-16
   2.6888e-17
   4.1923e-18
   8.4071e-15
   3.4862e-17
   1.7402e-13
   8.6229e-13
   1.5984e-12
   5.4895e-18
   6.4545e-15
   5.5172e-16
   1.7264e-16
   4.4129e-15
   1.3219e-14
   6.2676e-12
   3.5596e-12
   1.2346e-16
   1.1235e-08
   7.1164e-16
   5.8857e-14
   1.2162e-13
   5.6289e-15
   1.2455e-14
   6.9034e-12
   1.2296e-13
   3.4295e-12
   1.8048e-11
   1.8738e-16
   3.1584e-09
   1.5881e-09
   1.1857e-14
   1.1819e-10
   3.4848e-09
   2.9489e-17
   4.9094e-12
   3.8399e-11
   1.9498e-09
   1.0977e-07
   5.0523e-15
   2.5787e-12
   9.4652e-08
   2.6960e-14
   2.9301e-08
   6.3757e-19
   3.5310e-16
   2.9853e-17
   8.2928e-16
   3.6665e-14
   7.2817e-08
   9.5711e-17
   3.3949e-14
   6.0781e-16
   1.3812e-16
   3.1166e-20
   1.2894e-13
   1.2508e-18
   9.0660e-19
   1.8470e-12
   9.8857e-14
   1.4033e-11
   1.1397e-15
   5.2445e-12
   1.2544e-16
   9.0980e-16
   4.3000e-18
   1.2050e-18
   3.6845e-20
   1.1081e-17
   1.6532e-15
   9.5892e-18
   2.4321e-04
   1.1435e-17
   7.7127e-12
   1.7821e-16
   5.8602e-16
   3.6920e-18
   4.6266e-09
   5.2373e-13
   9.9250e-11
   5.3241e-16
   1.6078e-14
   2.9225e-12
   5.9169e-12
   2.3379e-12
   4.4824e-12
   2.6431e-19
   4.8678e-13
   3.4591e-15
   8.8504e-17
   3.5832e-20
   1.5289e-15
   6.3071e-14
   6.6056e-12
   1.1812e-17
   5.0389e-12
   7.6540e-11
   3.6959e-11
   1.3739e-13
   1.4752e-07
   1.1957e-13
   9.7733e-11
   1.6452e-15
   6.9742e-16
   2.6617e-16
   1.9209e-13
   1.2260e-05
   6.0810e-16
   2.0067e-18
   3.2742e-07
   5.4523e-18
   3.0218e-06
   8.8812e-19
   5.2610e-21
   6.1021e-07
   3.3518e-17
   6.8979e-19
   8.6655e-17
   6.8701e-16
   1.7527e-16
   9.1416e-20
   1.6478e-13
   3.1139e-14
   1.5391e-10
   2.6344e-18
   2.9685e-14
   7.4526e-15
   3.6138e-16
   4.4389e-14
   8.1305e-12
   3.1312e-19
   3.9231e-13
   6.4396e-17
   2.1400e-17
   1.5916e-16
   1.5483e-17
   5.8819e-11
   2.5783e-13
   9.6862e-12
   7.3264e-14
   1.0101e-15
   7.1313e-17
   4.2194e-17
   7.2145e-14
   1.9797e-13
   1.5567e-10
   2.0065e-15
   3.1500e-16
   3.3222e-17
   7.9625e-14
   7.7731e-07
   6.0031e-13
   1.2877e-12
   1.1281e-15
   4.8115e-14
   9.5335e-14
   1.6643e-18
   4.2518e-18
   2.5692e-10
   1.3881e-16
   3.1071e-13
   1.1097e-17
   7.7982e-18
   1.3859e-13
   3.0917e-15
   4.1339e-11
   9.7887e-18
   5.0941e-12
   4.7471e-14
   3.9736e-18
   1.0897e-15
   5.7273e-14
   2.3803e-13
   6.9921e-16
   5.3006e-17
   4.1892e-14
   1.4297e-15
   1.0129e-07
   9.1648e-16
   5.4841e-16
   6.2869e-16
   7.6442e-19
   4.2471e-12
   2.4155e-13
   2.8075e-16
   1.3238e-11
   2.9555e-05
   3.9157e-13
   5.6454e-11
   1.5165e-12
   2.7991e-04
   1.3589e-14
   1.9964e-11
   5.7558e-18
   1.9961e-13
   1.6586e-17
   2.3161e-08
   3.1832e-11
   1.0101e-12
   5.7348e-19
   9.2060e-14
   6.2422e-14
   1.6770e-09
   8.9055e-10
   1.9468e-11
   6.2933e-16
   3.1454e-17
   1.5934e-15
   1.8020e-17
   8.6174e-09
   9.2755e-15
   1.2703e-14
   1.8968e-13
   1.8830e-13
   2.8859e-12
   3.0285e-12
   9.2599e-14
   1.5696e-15
   8.2220e-13
   7.1385e-19
   1.5159e-14
   2.5905e-12
   2.5272e-14
   2.4219e-16
   1.6217e-14
   1.1260e-12
   1.7351e-13
   1.6617e-12
   3.7207e-13
   2.2956e-16
   1.5761e-14
   8.9494e-16
   1.3445e-15
   4.5815e-18
   1.5063e-15
   1.6364e-13
   3.8442e-14
   3.8827e-18
   1.1918e-16
   2.4243e-20
   2.8736e-15
   1.6060e-17
   2.0850e-17
   1.5663e-13
   4.8317e-18
   1.6513e-08
   5.9080e-16
   4.1153e-14
   4.7408e-12
   3.8179e-07
   1.1755e-18
   9.4709e-08
   4.4643e-14
   1.1248e-13
   9.0212e-15
   1.9763e-11
   4.3694e-13
   2.2559e-11
   5.6068e-11
   1.2054e-17
   1.4338e-12
   2.6558e-16
   5.6036e-18
   1.0222e-10
   3.9517e-13
   1.9211e-10
   1.5317e-18
   5.5787e-15
   1.1488e-17
   2.2712e-14
   7.5717e-09
   8.3659e-08
   7.7109e-17
   4.0344e-21
   6.3601e-12
   4.2240e-14
   3.4016e-11
   3.0309e-16
   5.7128e-12
   5.1165e-12
   3.0047e-09
   4.6675e-05
   4.2191e-18
   1.8948e-17
   5.2367e-12
   3.5229e-09
   4.3227e-16
   1.6995e-10
   7.5325e-14
   1.7483e-15
   6.0488e-11
   1.2020e-14
   3.3987e-13
   6.5763e-16
   1.9169e-15
   1.1628e-14
   1.1597e-12
   1.2871e-15
   3.0908e-11
   2.3722e-10
   9.6047e-07
   4.6839e-18
   4.2946e-13
   1.1168e-13
   5.3899e-18
   2.6346e-10
   2.5881e-14
   2.0112e-11
   1.5194e-19
   4.5525e-14
   1.0332e-13
   4.5433e-19
   3.8410e-18
   5.1705e-18
   8.9290e-15
   3.6067e-17
   6.1487e-17
   2.8889e-14
   7.4790e-14
   1.0628e-16
   2.3378e-21
   1.8050e-09
   1.9388e-16
   1.4601e-15
   5.8988e-17
   8.3730e-19
   1.3858e-14
   2.1309e-15
   1.2253e-13
   1.0464e-15
   2.3041e-15
   1.0684e-13
   2.5791e-10
   3.0223e-15
   2.1000e-05
   4.0991e-07
   1.3350e-14
   5.2808e-08
   2.0491e-15
   4.7806e-11
   1.5817e-13
   4.0393e-12
   1.3603e-13
   1.1847e-14
   4.5261e-13
   1.0357e-14
   4.3187e-18
   1.3419e-16
   1.8260e-12
   2.1523e-12
   5.5032e-13
   8.8069e-12
   2.0900e-12
   4.4253e-14
   1.3959e-14
   1.0431e-18
   3.0907e-14
   1.3542e-08
   2.6034e-11
   1.3767e-18
   1.2114e-15
   2.6287e-08
   1.2328e-16
   2.1780e-15
   1.7361e-16
   1.5986e-20
   1.0943e-14
   1.2288e-18
   1.1417e-13
   3.6273e-15
   4.1983e-14
   1.6228e-17
   2.3890e-08
   4.4615e-17
   6.0107e-19
   3.2951e-08
   7.7715e-12
   4.8783e-20
   6.1612e-12
   1.5641e-09
   1.2917e-14
   3.3559e-10
   9.0378e-08
   1.1442e-13
   2.2906e-19
   6.6470e-08
   4.3056e-16
   1.9509e-10
   3.8337e-13
   1.1920e-12
   1.3040e-08
   2.7321e-15
   5.8790e-16
   3.0090e-22
   6.2125e-13
   3.5078e-14
   5.0081e-14
   8.4978e-19
   1.9242e-10
   1.3061e-14
   1.2050e-10
   1.6522e-14
   7.8392e-17
   2.0055e-14
   1.9548e-16
   2.6073e-16
   5.9179e-13
   3.2472e-11
   2.3524e-15
   3.1429e-17
   1.3199e-18
   3.6817e-14
   6.3958e-15
   5.3635e-06
   1.5179e-12
   6.0703e-15
   2.0891e-13
   4.1778e-07
   5.9804e-12
   3.9191e-13
   1.8189e-16
   7.2882e-13
   2.1076e-20
   8.6771e-12
   1.8312e-16
   2.6447e-08
   1.5092e-15
   1.9051e-16
   9.9403e-11
   9.9547e-01
   9.9899e-01
   9.9062e-01
   9.9049e-01
   9.9671e-01
   9.1905e-01
   9.9890e-01
   9.9343e-01
   9.9825e-01
   6.6137e-01
   9.8547e-01
   9.9701e-01
   9.9180e-01
   9.1166e-01
   9.8664e-01
   9.9524e-01
   9.7922e-01
   9.9989e-01
   9.9833e-01
   9.7798e-01
   9.9926e-01
   5.4103e-01
   9.8940e-01
   9.9679e-01
   9.9090e-01
   9.9489e-01
   9.6758e-01
   9.8236e-01
   9.9752e-01
   9.8443e-01
   9.9866e-01
   7.1565e-01
   9.9650e-01
   9.9879e-01
   9.9782e-01
   9.9489e-01
   9.8092e-01
   9.9338e-01
   9.7674e-01
   9.9010e-01
   9.9984e-01
   9.9814e-01
   9.8954e-01
   9.8398e-01
   9.9195e-01
   9.9428e-01
   9.8210e-01
   9.7737e-01
   9.6063e-01
   9.4190e-01
   9.9747e-01
   9.9625e-01
   9.9570e-01
   9.9735e-01
   9.8775e-01
   9.7298e-01
   9.8544e-01
   9.9825e-01
   9.9838e-01
   9.9106e-01
   9.5208e-01
   1.0440e-01
   9.9012e-01
   9.9455e-01
   8.5101e-01
   9.3090e-01
   9.6307e-01
   9.9625e-01
   8.7813e-01
   6.1574e-01
   8.9257e-01
   9.6816e-01
   9.7757e-01
   9.7640e-01
   9.9746e-01
   9.9991e-01
   9.9800e-01
   9.7183e-01
   9.9899e-01
   8.6103e-01
   9.9666e-01
   9.7675e-01
   8.5117e-01
   9.9846e-01
   9.9504e-01
   9.9592e-01
   9.8717e-01
   9.9850e-01
   9.9144e-01
   9.9564e-01
   9.9871e-01
   9.9483e-01
   9.8362e-01
   9.9904e-01
   9.9618e-01
   9.9940e-01
   9.9771e-01
   9.8921e-01
   9.9098e-01
   9.9290e-01
   9.9451e-01
   9.8963e-01
   9.9222e-01
   7.9146e-01
   9.9895e-01
   9.9793e-01
   9.9888e-01
   9.9956e-01
   9.8943e-01
   9.9820e-01
   9.9887e-01
   9.9766e-01
   9.9863e-01
   8.6892e-01
   9.8860e-01
   9.9726e-01
   9.7927e-01
   9.9712e-01
   9.8879e-01
   9.6056e-01
   9.0124e-01
   9.8037e-01
   9.9869e-01
   9.9086e-01
   9.9850e-01
   9.4462e-01
   9.9159e-01
   3.7005e-01
   9.3647e-01
   9.9701e-01
   9.7999e-01
   9.7415e-01
   9.9968e-01
   9.9562e-01
   9.9092e-01
   9.8742e-01
   9.9941e-01
   6.1607e-01
   9.0270e-01
   9.6868e-01
   9.8726e-01
   9.9867e-01
   9.9489e-01
   9.9429e-01
   9.9007e-01
   9.9958e-01
   9.9722e-01
   9.9667e-01
   7.5459e-01
   9.9946e-01
   5.7148e-01
   9.5471e-01
   6.1855e-01
   5.0126e-01
   9.9006e-01
   8.7936e-01
   9.9796e-01
   8.8974e-01
   8.9547e-01
   5.1599e-01
   9.9938e-01
   9.2112e-01
   9.9099e-01
   9.9862e-01
   9.9739e-01
   9.9694e-01
   9.9236e-01
   9.9501e-01
   9.1586e-01
   9.6348e-01
   9.9367e-01
   9.9212e-01
   9.9818e-01
   9.9840e-01
   9.9869e-01
   5.0012e-01
   9.9214e-01
   9.8505e-01
   9.9867e-01
   9.9424e-01
   9.9280e-01
   9.7064e-01
   9.1533e-01
   9.9629e-01
   9.8717e-01
   9.9445e-01
   9.8964e-01
   9.3301e-01
   9.9328e-01
   9.7967e-01
   9.7475e-01
   9.9754e-01
   9.6875e-01
   9.7906e-01
   9.9943e-01
   9.8607e-01
   9.9914e-01
   8.0675e-01
   9.7702e-01
   9.8400e-01
   9.0587e-01
   9.9407e-01
   9.9361e-01
   9.9469e-01
   9.9634e-01
   9.8427e-01
   9.3862e-01
   9.9771e-01
   8.8720e-01
   9.6186e-01
   9.7399e-01
   9.7203e-01
   9.4325e-01
   9.9954e-01
   9.9583e-01
   9.9934e-01
   9.9064e-01
   9.9849e-01
   9.6462e-01
   9.8668e-01
   9.9558e-01
   9.8663e-01
   9.9184e-01
   9.0654e-01
   8.5823e-01
   9.9202e-01
   9.9914e-01
   9.3894e-01
   9.9345e-01
   9.5297e-01
   9.9960e-01
   9.9737e-01
   9.7663e-01
   9.9327e-01
   6.4480e-01
   9.9972e-01
   9.9935e-01
   9.9905e-01
   9.9872e-01
   9.9785e-01
   9.9816e-01
   9.7322e-01
   9.5447e-01
   9.8896e-01
   9.8530e-01
   7.6230e-01
   9.9758e-01
   9.8218e-01
   9.9306e-01
   9.8971e-01
   9.8810e-01
   9.6448e-01
   9.9877e-01
   9.7725e-01
   9.6816e-01
   9.8314e-01
   9.9898e-01
   9.9800e-01
   8.2676e-01
   7.0017e-01
   9.9924e-01
   9.9819e-01
   9.9556e-01
   9.9931e-01
   9.9952e-01
   2.9443e-01
   9.9442e-01
   9.6600e-01
   8.4750e-01
   9.9780e-01
   9.2589e-01
   9.9600e-01
   8.7506e-01
   9.9514e-01
   9.7498e-01
   9.9932e-01
   9.9591e-01
   9.9890e-01
   9.7186e-01
   9.8277e-01
   9.9192e-01
   9.8988e-01
   9.9929e-01
   9.9931e-01
   9.9932e-01
   9.7437e-01
   9.8800e-01
   9.8903e-01
   9.3782e-01
   9.8913e-01
   9.9845e-01
   9.9803e-01
   9.6986e-01
   9.9509e-01
   9.9516e-01
   9.9255e-01
   8.7634e-01
   9.8856e-01
   9.9737e-01
   9.9968e-01
   9.9815e-01
   9.9667e-01
   9.9800e-01
   9.4349e-01
   9.8507e-01
   9.9989e-01
   9.9958e-01
   9.6159e-01
   9.8929e-01
   9.9520e-01
   9.8710e-01
   9.9424e-01
   9.9493e-01
   9.8792e-01
   9.4498e-01
   9.4443e-01
   9.7043e-01
   9.5271e-01
   9.1112e-01
   9.7072e-01
   9.9027e-01
   5.1387e-01
   9.9801e-01
   9.9640e-01
   9.9575e-01
   9.9743e-01
   9.9834e-01
   9.9708e-01
   9.3127e-01
   9.8595e-01
   9.9665e-01
   9.9411e-01
   9.9734e-01
   9.8099e-01
   9.9588e-01
   9.9802e-01
   9.2956e-01
   9.7109e-01
   9.7518e-01
   9.9965e-01
   9.2777e-01
   9.2426e-01
   9.6719e-01
   9.9871e-01
   7.3830e-01
   9.7640e-01
   9.7708e-01
   9.9364e-01
   9.9316e-01
   9.8735e-01
   9.9987e-01
   8.8925e-01
   9.9642e-01
   9.8616e-01
   9.8270e-01
   9.9918e-01
   9.9831e-01
   9.9484e-01
   9.3268e-01
   9.8387e-01
   9.6624e-01
   9.9571e-01
   9.9600e-01
   9.9474e-01
   9.9543e-01
   9.4147e-01
   9.9317e-01
   9.8024e-01
   9.9948e-01
   9.9943e-01
   9.9817e-01
   9.9278e-01
   9.9831e-01
   9.9913e-01
   9.7649e-01
   9.9964e-01
   9.9977e-01
   9.9252e-01
   9.8124e-01
   9.9942e-01
   9.9629e-01
   9.6780e-01
   9.7396e-01
   8.4742e-01
   7.7050e-01
   9.9829e-01
   9.9598e-01
   9.9400e-01
   9.9837e-01
   9.8982e-01
   9.6223e-01
   9.7824e-01
   5.8376e-01
   9.9805e-01
   8.9097e-01
   9.9987e-01
   9.9525e-01
   9.9371e-01
   9.8979e-01
   9.9806e-01
   9.8594e-01
   9.9659e-01
   9.1336e-01
   9.8966e-01
   9.9070e-01
   9.9683e-01
   9.9120e-01
   9.9479e-01
   8.8603e-01
   9.9925e-01
   8.0761e-01
   9.9956e-01
   9.9794e-01
   9.6999e-01
   9.9887e-01
   9.6000e-01
   9.9808e-01
   9.9331e-01
   9.8711e-01
   9.3496e-01
   9.7246e-01
   9.8869e-01
   9.9414e-01
   8.2215e-01
   9.9726e-01
   9.9663e-01
   9.9931e-01
   9.8960e-01
   9.7572e-01
   9.2391e-01
   9.9889e-01
   9.7265e-01
   9.6463e-01
   9.9513e-01
   9.9639e-01
   9.9940e-01
   9.7221e-01
   9.9017e-01
   9.9096e-01
   9.9616e-01
   9.6767e-01
   9.9105e-01
   9.8179e-01
   9.9943e-01
   9.9670e-01
   9.7253e-01
   9.9897e-01
   9.9182e-01
   8.6592e-01
   9.7455e-01
   9.9869e-01
   7.2076e-01
   5.8801e-01
   9.9681e-01
   9.9942e-01
   9.9952e-01
   9.9663e-01
   9.9693e-01
   9.6946e-01
   9.8613e-01
   9.8713e-01
   9.7324e-01
   9.9567e-01
   9.9899e-01
   7.2503e-01
   9.9143e-01
   9.9171e-01
   9.8952e-01
   9.9092e-01
   9.9715e-01
   9.9690e-01
   9.5345e-01
   9.6812e-01
   9.9402e-01
   7.5428e-01
   9.6730e-01
   9.9765e-01
   9.9443e-01
   9.9830e-01
   9.9979e-01
   9.8769e-01
   9.9957e-01
   9.9769e-01
   9.8816e-01
   9.8306e-01
   9.9914e-01
   9.8787e-01
   9.9812e-01
   9.1064e-01
   9.8561e-01
   9.8612e-01
   9.8939e-01
   9.8363e-01
   9.9882e-01
   9.9077e-01
   9.8057e-01
   9.6496e-01
   9.8806e-01
   9.6564e-01
   9.9692e-01
   2.7321e-07
   5.9820e-12
   2.6453e-09
   1.9308e-16
   8.8343e-04
   1.0545e-16
   2.3309e-11
   2.7376e-11
   3.2005e-18
   3.0920e-01
   2.9611e-04
   2.0011e-09
   8.4266e-06
   1.0521e-08
   4.6053e-12
   1.3973e-01
   1.2996e-11
   8.2876e-08
   1.5832e-05
   3.0036e-10
   3.7056e-09
   7.8253e-07
   9.8519e-07
   3.6672e-03
   1.1818e-14
   5.2822e-07
   8.6630e-04
   2.8721e-11
   1.7682e-11
   8.0588e-12
   4.2276e-03
   1.2535e-10
   3.4631e-10
   3.4068e-11
   3.4748e-01
   8.5527e-09
   5.2554e-12
   2.9184e-10
   6.5966e-07
   1.4726e-11
   5.0684e-03
   1.4129e-06
   6.6616e-10
   7.1858e-03
   1.1827e-07
   8.2118e-01
   2.8133e-08
   2.4247e-08
   1.2147e-01
   2.1812e-07
   3.4353e-12
   1.1939e-10
   2.8477e-14
   1.8728e-08
   8.8596e-16
   3.9714e-12
   9.1316e-09
   7.6092e-03
   9.8636e-11
   2.7230e-08
   2.9324e-18
   3.8036e-06
   3.9044e-03
   1.8881e-15
   1.1739e-07
   1.2950e-09
   4.3211e-02
   1.4772e-01
   4.7009e-08
   4.0431e-03
   8.1609e-09
   1.0382e-01
   2.3865e-12
   8.3886e-05
   1.0464e-10
   1.1378e-02
   4.4666e-12
   4.0538e-03
   6.7887e-09
   9.1535e-03
   2.0139e-14
   1.7051e-07
   1.0314e-06
   2.6577e-09
   1.7468e-06
   6.0021e-08
   2.5530e-12
   5.9249e-06
   5.0963e-08
   2.0823e-05
   1.3898e-13
   2.7182e-14
   2.0351e-18
   6.6024e-16
   1.6931e-12
   2.0653e-09
   8.6945e-02
   1.1398e-04
   4.7017e-11
   9.1060e-15
   8.8801e-10
   1.9281e-04
   8.0571e-06
   1.0189e-07
   1.0535e-16
   2.0224e-06
   9.2255e-04
   2.3728e-04
   2.0244e-06
   4.9116e-09
   2.6474e-09
   4.8913e-17
   1.1456e-06
   6.0861e-04
   1.9459e-05
   1.3977e-06
   2.8803e-10
   1.1778e-04
   5.6154e-11
   8.7531e-11
   2.3902e-01
   2.0771e-09
   4.4280e-11
   4.4405e-07
   1.8359e-12
   2.5513e-01
   3.4555e-13
   3.6045e-07
   1.3886e-05
   7.8214e-03
   1.2674e-09
   5.4858e-06
   5.9993e-08
   4.5018e-02
   1.8926e-09
   1.4842e-08
   3.9187e-06
   7.6670e-12
   2.4576e-12
   2.1781e-05
   2.8902e-11
   2.7993e-14
   3.2802e-11
   1.6403e-02
   1.7421e-04
   3.3475e-06
   5.6375e-12
   5.9427e-11
   5.7573e-09
   3.4948e-16
   9.9512e-12
   2.0488e-13
   1.0900e-01
   2.0608e-06
   4.9654e-06
   1.1214e-10
   2.0596e-06
   8.2057e-05
   2.9076e-05
   3.1009e-06
   3.2675e-03
   4.9258e-10
   7.7540e-03
   2.3073e-06
   1.9071e-08
   1.3894e-08
   4.5391e-02
   3.3240e-04
   8.2048e-08
   1.4160e-15
   1.3110e-05
   1.1808e-03
   9.7118e-06
   4.0448e-11
   4.5436e-07
   9.7059e-17
   2.7688e-12
   2.0888e-13
   9.4565e-07
   2.1057e-06
   5.9812e-04
   6.6983e-07
   6.5620e-04
   7.9872e-02
   1.1272e-07
   2.8364e-09
   1.5484e-04
   3.7145e-04
   2.4424e-05
   2.4819e-02
   1.4376e-13
   4.6895e-03
   6.5055e-15
   2.0395e-04
   1.4013e-12
   1.0551e-06
   1.0309e-01
   5.5640e-06
   2.0776e-18
   2.6017e-02
   1.4819e-08
   1.7225e-12
   4.2905e-09
   5.3870e-12
   7.2618e-17
   9.9491e-11
   2.6038e-08
   9.4944e-04
   7.6675e-10
   3.1939e-05
   8.7263e-14
   9.3187e-12
   5.1676e-16
   4.3845e-08
   5.3405e-11
   4.4967e-12
   1.9767e-11
   6.5313e-10
   2.5341e-12
   3.2324e-11
   1.9622e-05
   2.6824e-09
   4.9304e-16
   9.5367e-14
   2.9708e-16
   8.5773e-15
   2.3835e-13
   3.0309e-10
   2.9957e-11
   4.9120e-04
   1.0611e-11
   2.0162e-08
   1.5600e-01
   2.2169e-11
   3.9252e-16
   2.2309e-09
   1.8059e-07
   5.0466e-09
   1.7436e-07
   6.2154e-10
   9.1610e-04
   3.7448e-16
   4.0948e-09
   1.2827e-07
   5.6857e-06
   1.3684e-01
   1.0047e-09
   1.0754e-04
   7.2877e-10
   5.1268e-08
   2.6348e-10
   2.7093e-07
   1.2777e-02
   2.3340e-04
   3.0027e-07
   5.5699e-09
   1.0178e-08
   1.3255e-08
   1.4566e-05
   1.3114e-12
   8.2205e-14
   1.1376e-07
   4.9770e-11
   2.0196e-07
   3.1076e-06
   1.9178e-05
   7.4956e-12
   3.3017e-04
   1.6627e-05
   2.1753e-17
   1.7127e-06
   6.5048e-12
   4.3111e-17
   3.5477e-09
   4.2503e-13
   1.5222e-05
   6.1999e-02
   1.8127e-03
   5.6645e-06
   2.0117e-15
   3.6859e-05
   5.9338e-04
   3.9409e-10
   1.3147e-10
   2.5956e-17
   5.6617e-14
   2.4781e-14
   2.5712e-06
   1.9145e-20
   1.2635e-17
   4.1996e-15
   2.0195e-13
   5.5585e-08
   1.8373e-05
   4.4420e-03
   5.7925e-10
   6.4841e-10
   1.0527e-03
   8.4766e-05
   9.2381e-13
   5.1900e-11
   6.0209e-09
   9.6247e-06
   1.3940e-04
   2.2516e-18
   8.7225e-11
   9.1843e-12
   1.2679e-08
   1.3358e-07
   1.4281e-04
   2.7166e-09
   6.4449e-03
   1.0056e-02
   8.1967e-06
   5.5096e-11
   6.1643e-10
   1.0458e-10
   1.4219e-03
   9.4126e-08
   8.6595e-06
   2.1975e-06
   2.4840e-06
   1.3696e-03
   1.4741e-02
   1.0387e-08
   1.1024e-13
   1.5069e-05
   1.9344e-15
   8.0561e-09
   1.1283e-07
   1.1242e-08
   3.8251e-02
   1.4815e-04
   1.0977e-07
   3.4825e-08
   3.8171e-04
   7.4277e-05
   2.7588e-14
   6.7938e-06
   9.1305e-10
   4.0414e-09
   6.4964e-06
   3.2127e-15
   6.2270e-16
   9.9312e-09
   4.9964e-10
   5.8922e-04
   1.7957e-11
   4.1980e-06
   1.1908e-10
   1.2260e-05
   1.6614e-15
   7.3667e-05
   1.4684e-07
   1.4457e-02
   1.4962e-14
   1.5540e-20
   7.2538e-14
   1.3144e-05
   2.7001e-14
   6.6891e-14
   2.2569e-08
   1.2234e-08
   2.1600e-11
   3.7196e-13
   1.2205e-05
   2.8201e-03
   4.7284e-06
   5.0930e-13
   2.7086e-03
   1.7103e-14
   2.0451e-07
   2.6541e-13
   8.7485e-15
   7.2146e-14
   1.8604e-03
   6.3414e-04
   2.1141e-02
   3.4029e-04
   3.4936e-14
   4.7335e-09
   9.8727e-03
   2.0209e-02
   7.4070e-06
   4.5881e-08
   1.9416e-02
   2.5521e-09
   1.8236e-04
   2.8672e-06
   2.3196e-06
   1.4295e-14
   2.7492e-05
   2.3844e-04
   2.4202e-03
   1.6189e-07
   1.1020e-02
   2.9738e-03
   1.3892e-01
   1.9880e-02
   7.6562e-04
   2.4470e-10
   2.6573e-12
   6.5497e-13
   1.0550e-01
   4.5420e-04
   6.5956e-07
   2.5749e-02
   2.1911e-01
   7.0622e-05
   5.6473e-12
   7.7531e-03
   3.9922e-02
   7.0988e-10
   6.6515e-03
   7.0757e-10
   5.2622e-04
   6.8664e-02
   3.6689e-01
   1.5036e-05
   9.2407e-09
   6.1562e-07
   2.1130e-06
   1.2262e-07
   1.0616e-05
   1.6892e-07
   6.2026e-14
   5.1661e-07
   1.7364e-13
   7.3571e-05
   2.4126e-08
   4.0609e-06
   6.1033e-07
   1.1435e-05
   1.4537e-08
   7.3786e-12
   1.1088e-01
   3.2140e-05
   7.7440e-07
   8.9753e-09
   4.8508e-11
   3.7984e-01
   3.8449e-10
   4.0519e-07
   7.9112e-03
   1.9524e-03
   1.3009e-06
   3.3208e-16
   9.1236e-02
   4.5313e-14
   5.2239e-12
   9.6705e-12
   3.3902e-12
   3.7881e-11
   3.1691e-10
   2.6784e-07
   6.7090e-04
   4.0436e-04
   2.1493e-04
   4.7729e-18
   2.4984e-12
   1.7765e-08
   3.8795e-06
   2.5566e-14
   2.4842e-09
   4.1316e-04
   6.1035e-06
   1.1595e-05
   1.5322e-13
   7.7614e-16
   5.9508e-11
   1.2052e-09
   4.4506e-10
   6.4083e-09
   3.1494e-06
   1.3313e-13
   1.5943e-07
   1.3421e-03
   1.1343e-06
   1.1958e-06
   6.1479e-06
   1.2494e-03
   6.6350e-05
   2.9940e-02
   4.0817e-11
   1.0514e-11
   5.2177e-01
   8.5359e-09
   3.2279e-04
   5.0388e-14
   6.6654e-08
   1.0717e-06
   4.2543e-06
   1.2806e-02
   6.2180e-09
   7.9255e-13
   1.0641e-08
   1.0549e-02
   4.3449e-12
   3.0177e-14
   4.6436e-14
   1.2503e-09
   7.1997e-06
   1.8239e-09
   1.3467e-12
   8.9585e-06
   1.5358e-03
   4.3571e-05
   1.9307e-06
   3.1228e-08
   2.8281e-07
   3.1677e-06
   9.9153e-06
   1.8670e-17
   3.6155e-03
   1.2466e-05
   2.7555e-04
   4.4000e-11
   5.5494e-07
   3.6863e-11
   1.3446e-12
   8.0185e-04
   6.2389e-07
   3.2275e-10
   1.4979e-05
   3.2032e-03
   1.6287e-05
   1.5821e-08
   2.6665e-05
   3.9665e-06
   3.9160e-05
   1.1608e-05
   1.1491e-05
   1.0413e-02
   1.6379e-09
   2.1004e-05
   7.4382e-03
   3.5621e-08
   4.3879e-06
   3.6545e-05
   4.5337e-05
   2.7669e-08
   5.6047e-05
   2.7148e-07
   3.3506e-04
   4.9802e-11
   8.3161e-10
   2.9402e-09
   5.7431e-13
   1.2606e-06
   7.8597e-11
   5.1947e-05
   7.6208e-08
   8.6841e-08
   6.4854e-05
   2.1085e-09
   5.6968e-11
   2.9294e-08
   1.3865e-01
   5.5075e-05
   2.0421e-08
   1.1044e-09
   1.8491e-12
   9.6183e-10
   1.5072e-07
   1.3943e-11
   3.8258e-07
   1.3974e-04
   3.0357e-06
   2.6068e-04
   3.5949e-09
   3.3413e-08
   4.9818e-06
   9.9145e-05
   1.6469e-04
   5.7472e-04
   9.1772e-07
   5.3963e-03
   2.4689e-04
   2.1772e-06
   4.9189e-05
   2.0560e-04
   2.0613e-07
   3.5076e-15
   1.0112e-05
   3.6228e-08
   2.1076e-12
   2.4782e-12
   5.5601e-08
   4.2297e-07
   1.4143e-08
   4.0009e-08
   6.0217e-08
   1.2889e-08
   1.8157e-06
   1.3834e-03
   9.5249e-03
   4.9598e-06
   4.0082e-05
   4.3343e-04
   3.0534e-16
   8.3664e-13
   1.6243e-07
   4.3575e-07
   6.6392e-05
   5.0958e-06
   5.4284e-05
   2.9880e-05
   1.2553e-03
   3.3960e-14
   1.7290e-02
   4.0502e-07
   2.0842e-05
   4.6876e-06
   1.1519e-05
   1.1044e-07
   4.0291e-02
   4.5697e-10
   2.0301e-06
   9.6953e-09
   1.2689e-10
   8.5936e-11
   1.7529e-05
   1.1058e-08
   3.9931e-08
   4.9271e-05
   1.1155e-04
   6.7775e-02
   1.4212e-05
   2.2982e-08
   6.1088e-05
   2.8220e-06
   3.4016e-08
   1.9477e-07
   6.1245e-08
   8.4181e-10
   7.3504e-04
   1.6917e-09
   1.2319e-09
   3.2631e-06
   2.3649e-06
   1.7592e-05
   1.5234e-03
   4.0076e-06
   8.0750e-07
   4.4389e-07
   3.5091e-04
   5.2148e-07
   2.9584e-09
   2.8262e-08
   2.5515e-08
   9.8163e-05
   7.7048e-07
   1.0775e-04
   5.8171e-06
   4.1545e-05
   6.4417e-06
   1.0127e-05
   3.5777e-05
   7.6092e-05
   7.0021e-04
   3.7334e-06
   3.6971e-08
   1.3493e-03
   1.0182e-06
   2.7639e-05
   1.3021e-04
   6.5084e-07
   3.1161e-06
   2.3056e-07
   1.2350e-04
   5.2643e-03
   4.2663e-05
   1.4635e-04
   1.3038e-05
   3.5982e-05
   1.3450e-10
   4.2377e-06
   1.1304e-11
   1.0523e-06
   8.8278e-06
   1.5607e-11
   1.9756e-02
   2.9399e-09
   1.3029e-09
   1.7403e-10
   1.7213e-05
   1.3746e-07
   9.6477e-08
   1.6922e-11
   5.2473e-10
   1.6971e-04
   1.0837e-10
   3.3525e-04
   2.7696e-09
   1.3420e-07
   2.5057e-02
   7.2607e-08
   4.6606e-06
   1.9067e-08
   1.5036e-04
   9.5331e-09
   3.5855e-10
   2.8030e-08
   3.4063e-05
   1.5985e-07
   3.3719e-04
   8.7314e-06
   6.5097e-01
   7.7257e-10
   4.3121e-08
   1.3131e-04
   2.7773e-07
   7.6728e-06
   1.2511e-08
   9.0814e-15
   2.4617e-09
   8.4244e-10
   1.3099e-06
   9.8129e-10
   2.9375e-05
   7.0543e-08
   7.2264e-05
   3.1464e-03
   7.1880e-08
   9.2616e-09
   2.3068e-01
   9.4394e-07
   1.0523e-05
   2.7918e-11
   5.3560e-10
   4.1896e-02
   4.0586e-06
   1.6849e-03
   2.5818e-07
   1.2248e-03
   1.8981e-08
   3.8927e-05
   1.7644e-08
   6.7901e-08
   9.3776e-10
   1.9471e-05
   4.9045e-07
   5.6863e-11
   3.8025e-07
   3.1673e-10
   2.8252e-07
   2.2063e-05
   1.3699e-03
   4.0181e-03
   1.8814e-11
   4.2824e-06
   2.9259e-02
   1.4120e-08
   1.6373e-05
   8.7124e-08
   1.6149e-06
   1.4576e-15
   5.7259e-08
   7.7766e-05
   3.1864e-09
   1.8945e-03
   4.4038e-08
   1.1893e-03
   2.7304e-08
   7.3061e-03
   6.1782e-08
   1.0037e-03
   3.6782e-07
   2.3406e-05
   1.3671e-07
   1.7457e-10
   3.8913e-07
   1.6813e-05
   1.6837e-03
   1.5449e-04
   1.5723e-15
   2.6501e-07
   6.1127e-06
   2.2298e-05
   2.7414e-07
   1.8075e-04
   3.6899e-07
   1.3590e-08
   6.2914e-09
   1.4317e-10
   1.4002e-09
   5.1793e-08
   5.0234e-09
   6.3182e-06
   1.0219e-08
   1.9783e-03
   7.7724e-05
   9.1479e-03
   6.8145e-07
   8.1049e-04
   7.9776e-07
   1.6231e-04
   1.1556e-07
   7.3512e-10
   1.4854e-06
   5.3333e-04
   6.2592e-10
   3.8309e-05
   6.5868e-04
   1.4318e-08
   6.0487e-05
   2.3797e-03
   1.1850e-06
   4.4975e-02
   1.9540e-03
   5.7290e-04
   2.5611e-06
   2.1146e-07
   1.6299e-05
   3.1619e-04
   1.9730e-10
   2.5699e-05
   9.7305e-10
   1.3778e-04
   1.8436e-02
   2.1422e-12
   9.1032e-02
   2.9499e-06
   4.9105e-04
   7.3118e-06
   3.0346e-05
   3.9481e-11
   1.3647e-04
   3.1588e-02
   6.0415e-07
   2.4903e-07
   5.8600e-06
   1.5877e-08
   6.5427e-11
   2.4584e-09
   4.2856e-10
   2.5215e-04
   6.1999e-06
   3.5185e-06
   6.7824e-08
   6.4795e-07
   5.6438e-04
   3.6033e-10
   3.0867e-06
   1.1978e-05
   2.0955e-05
   7.6585e-06
   1.1544e-02
   3.3883e-10
   1.3548e-09
   1.2507e-07
   2.3595e-08
   2.4855e-07
   5.6449e-09
   9.7370e-09
   1.7877e-04
   8.4164e-09
   6.8363e-09
   2.4463e-02
   2.3222e-07
   6.6526e-08
   7.2061e-10
   1.1763e-07
   5.0927e-04
   1.4222e-08
   3.3539e-05
   1.6360e-05
   2.1748e-08
   2.8431e-08
   1.9002e-05
   1.2265e-06
   5.3180e-10
   1.6165e-07
   4.6246e-08
   3.2412e-06
   1.3676e-09
   2.7798e-04
   2.2794e-04
   9.3186e-10
   9.2907e-06
   2.0596e-10
   1.0264e-04
   1.9859e-06
   1.3397e-11
   8.8838e-10
   6.3617e-06
   1.5121e-08
   3.8823e-09
   9.0756e-07
   3.2343e-06
   7.7638e-05
   1.3053e-08
   1.3236e-07
   1.9019e-07
   4.9496e-07
   2.5041e-08
   3.0494e-06
   3.2455e-02
   3.1663e-10
   1.1594e-02
   3.2266e-06
   1.9890e-06
   2.6288e-06
   1.9558e-06
   3.1385e-03
   9.6097e-08
   1.4709e-06
   1.6200e-04
   7.0131e-06
   1.6807e-04
   1.4980e-07
   1.2459e-07
   1.8212e-09
   3.4467e-04
   1.4927e-09
   6.7012e-09
   1.2697e-03
   1.1129e-07
   5.0056e-10
   8.4632e-02
   2.9609e-02
   2.2060e-07
   2.0818e-04
   1.9907e-03
   9.4633e-06
   7.6240e-08
   2.4529e-07
   4.4054e-05
   6.4554e-05
   6.0842e-13
   1.4596e-02
   3.4114e-05
   3.2966e-05
   3.5670e-05
   3.7409e-05
   1.1464e-07
   5.7468e-07
   3.1126e-05
   1.6722e-01
   2.7174e-04
   1.9331e-09
   3.3882e-04
   1.4747e-14
   1.4763e-04
   1.9511e-07
   5.1905e-08
   1.4693e-10
   3.8299e-04
   8.0900e-09
   3.0188e-04
   2.3963e-08
   2.0825e-08
   2.4482e-10
   3.0072e-08
   3.8815e-08
   5.8307e-08
   7.4460e-10
   4.1451e-10
   6.5717e-05
   2.0684e-01
   1.9204e-05
   1.5385e-04
   5.7839e-12
   1.1580e-14
   9.5803e-13
   1.6193e-09
   4.8116e-05
   2.6063e-04
   2.2223e-01
   1.7578e-12
   8.3235e-13
   2.1725e-15
   7.8585e-09
   2.2042e-11
   2.7460e-05
   1.2163e-10
   8.2694e-04
   2.7494e-05
   3.1572e-08
   2.9308e-07
   1.0553e-07
   1.2127e-08
   3.0556e-12
   6.9226e-13
   1.1051e-12
   4.6785e-04
   6.2085e-05
   1.6143e-07
   2.9680e-11
   7.3324e-07
   7.4067e-08
   1.9029e-08
   4.0257e-08
   3.4395e-05
   1.9928e-06
   1.0013e-05
   3.0202e-05
   1.0723e-07
   1.0339e-09
   1.4041e-08
   5.0053e-08
   1.4746e-07
   3.2639e-07
   1.8846e-04
   4.2104e-03
   4.8600e-06
   2.0438e-12
   1.3658e-03
   3.2766e-15
   1.3798e-10
   1.2893e-04
   1.6075e-07
   4.2911e-10
   5.1920e-09
   3.4708e-10
   2.9455e-08
   1.4530e-05
   1.5667e-04
   7.7562e-10
   1.0531e-05
   2.3915e-09
   5.0902e-08
   2.0246e-10
   1.5074e-05
   1.5903e-09
   1.1645e-05
   5.6799e-09
   7.3481e-10
   1.1246e-06
   5.5150e-08
   4.7729e-13
   2.9379e-10
   4.3360e-10
   3.5382e-07
   4.1428e-05
   8.5337e-09
   3.7115e-05
   2.2332e-03
   5.0822e-04
   1.3827e-06
   7.0750e-06
   1.6169e-05
   9.0306e-06
   2.1417e-11
   1.8708e-08
   2.0034e-02
   1.5260e-07
   3.7679e-08
   7.5215e-09
   8.0240e-08
   3.8721e-10
   5.4373e-11
   3.2274e-08
   1.7578e-06
   5.1895e-08
   2.3857e-09
   3.1603e-03
   1.7029e-06
   2.5150e-05
   9.6848e-08
   9.0559e-08
   1.1779e-10
   9.3458e-06
   4.0458e-08
   1.1139e-04
   4.7645e-10
   1.0585e-12
   6.5131e-11
   1.0907e-02
   2.8584e-06
   1.0030e-11
   2.5701e-09
   6.6467e-03
   3.5520e-16
   6.3070e-05
   3.8723e-15
   1.8517e-11
   2.7696e-02
   1.5635e-09
   9.8508e-04
   1.4487e-09
   5.2120e-08
   5.1410e-13
   1.9529e-05
   1.9095e-07
   4.9123e-13
   1.4196e-06
   8.7444e-07
   1.4915e-12
   4.8366e-12
   9.6438e-11
   3.2872e-11
   2.2255e-09
   3.3680e-14
   3.7380e-11
   1.6079e-08
   2.8816e-07
   2.7530e-08
   2.7082e-09
   1.3534e-06
   1.5249e-12
   4.8213e-10
   1.9700e-09
   1.9052e-07
   2.9004e-12
   1.5937e-02
   6.8039e-07
   9.6701e-07
   4.6624e-16
   5.3010e-06
   4.6844e-14
   4.6840e-09
   9.3363e-01
   2.7958e-04
   5.8069e-06
   1.5111e-09
   4.6729e-06
   7.5620e-06
   8.5971e-05
   2.9214e-10
   6.7046e-07
   2.2775e-04
   3.4695e-05
   1.0347e-06
   2.7410e-16
   1.6209e-10
   4.0658e-11
   4.0501e-09
   8.1941e-04
   1.0154e-10
   8.0036e-06
   5.8117e-18
   1.8770e-14
   7.6381e-07
   7.7357e-09
   3.2376e-09
   5.5315e-11
   8.8200e-11
   4.2341e-11
   8.1738e-14
   1.7990e-09
   1.6304e-11
   1.6567e-06
   6.9353e-07
   1.5666e-12
   1.3836e-10
   5.7095e-10
   4.7226e-08
   1.3787e-08
   1.9197e-07
   3.1982e-08
   3.6531e-09
   1.0337e-04
   7.6847e-15
   6.4797e-08
   5.1771e-05
   7.3273e-02
   6.1856e-04
   3.5712e-07
   2.5044e-03
   3.8823e-08
   1.6540e-05
   5.4609e-08
   4.8019e-05
   6.9409e-04
   2.2010e-08
   4.7867e-02
   8.6410e-09
   1.0779e-10
   9.9703e-03
   8.1848e-07
   2.5599e-05
   9.2051e-07
   3.0691e-05
   6.2117e-08
   7.4130e-08
   2.1354e-06
   3.5121e-09
   6.8439e-03
   1.9451e-03
   6.5764e-07
   1.1421e-09
   3.1544e-09
   1.5521e-06
   5.3931e-02
   9.9034e-03
   3.9743e-08
   2.6823e-01
   5.1183e-06
   4.3563e-05
   1.3973e-10
   1.9650e-04
   1.9866e-06
   1.4645e-08
   1.5786e-03
   1.5627e-12
   9.3042e-07
   1.1357e-07
   4.0466e-06
   5.7653e-05
   2.1246e-15
   1.5483e-07
   8.0077e-08
   2.9248e-08
   1.6109e-07
   1.4296e-04
   3.4208e-02
   2.7017e-06
   3.2954e-07
   6.4691e-06
   1.1387e-07
   1.7740e-07
   3.9503e-13
   6.2875e-07
   1.0160e-08
   9.3072e-07
   6.8381e-07
   9.4957e-12
   5.3845e-14
   9.3979e-10
   1.3889e-04
   1.2343e-06
   9.8388e-07
   1.2371e-13
   2.6753e-03
   2.5332e-09
   3.1725e-08
   9.4799e-15
   1.0609e-11
   1.5436e-07
   4.6393e-13
   2.4274e-11
   2.5692e-03
   7.3747e-07
   4.1766e-07
   9.0804e-06
   4.7666e-09
   5.5696e-05
   5.0419e-04
   2.2257e-07
   6.6125e-05
   1.2445e-04
   1.0291e-07
   1.7829e-08
   4.2975e-12
   2.5399e-05
   2.7667e-07
   3.5426e-10
   2.5123e-06
   1.2850e-05
   2.3960e-05
   6.4379e-11
   1.8264e-10
   1.8421e-02
   1.7603e-07
   2.1745e-08
   2.2780e-03
   3.4565e-06
   5.1469e-11
   1.1843e-06
   2.7517e-12
   7.9829e-07
   1.9243e-03
   5.9299e-09
   8.3630e-12
   1.3067e-09
   2.5721e-05
   7.5792e-05
   3.9181e-06
   3.0243e-06
   1.1676e-08
   6.8048e-05
   1.0118e-08
   4.2253e-08
   1.5252e-06
   3.7927e-07
   5.0231e-07
   3.2769e-10
   2.5634e-08
   2.9285e-07
   5.6367e-07
   8.3504e-04
   1.0489e-02
   3.4997e-05
   1.5462e-07
   1.6743e-05
   2.0526e-10
   3.8322e-06
   3.6014e-06
   4.8025e-14
   4.0215e-04
   2.8159e-13
   2.8165e-08
   7.4405e-06
   1.1235e-09
   3.9154e-06
   2.1056e-14
   6.6670e-12
   2.6419e-05
   1.1644e-06
   2.9317e-06
   1.3175e-14
   1.7798e-10
   4.6886e-07
   4.5429e-16
   3.2180e-06
   2.8600e-11
   3.0681e-14
   3.8192e-09
   3.3281e-08
   5.5791e-06
   5.7472e-06
   1.7031e-18
   1.9901e-03
   9.3698e-09
   2.6099e-17
   1.1550e-10
   4.2017e-05
   5.6166e-05
   1.7375e-06
   3.8428e-07
   4.4794e-10
   1.8049e-08
   1.4085e-09
   4.3914e-10
   1.3808e-07
   1.9367e-07
   1.4462e-12
   9.3517e-05
   2.9121e-07
   6.4867e-04
   6.0047e-02
   4.4111e-08
   8.9110e-07
   9.1078e-04
   1.4066e-04
   2.8513e-02
   7.6952e-09
   5.7368e-04
   4.0784e-09
   2.5133e-07
   2.8147e-08
   1.2823e-12
   4.4666e-06
   9.4213e-08
   2.6633e-08
   2.9488e-05
   6.8396e-05
   5.5597e-12
   5.6624e-06
   1.1304e-11
   1.9710e-09
   1.6260e-12
   9.4054e-07
   2.5841e-07
   2.9416e-04
   1.5589e-04
   4.6227e-07
   6.4811e-09
   1.8466e-01
   3.1953e-05
   3.1389e-02
   1.0435e-06
   2.2354e-04
   2.1575e-07
   1.2124e-08
   6.2997e-02
   1.3446e-07
   8.1339e-06
   1.1093e-01
   4.2787e-19
   1.6275e-05
   5.6260e-06
   3.3202e-06
   2.9009e-08
   4.7453e-05
   5.9902e-08
   3.8114e-05
   1.0971e-02
   3.2439e-02
   3.3030e-04
   8.9607e-07
   3.0275e-05
   4.4923e-07
   7.5970e-03
   4.7274e-10
   1.5871e-05
   1.2842e-03
   3.7997e-08
   5.1865e-10
   4.0551e-11
   5.3769e-08
   4.7232e-10
   2.4551e-08
   6.6861e-07
   6.1345e-11
   2.8384e-04
   7.2793e-06
   5.0711e-07
   6.5377e-11
   1.8562e-08
   3.3006e-14
   7.3897e-05
   4.6173e-11
   1.9265e-05
   1.6259e-10
   2.5851e-08
   4.0591e-08
   7.4310e-10
   2.6776e-13
   4.0736e-09
   1.8820e-08
   1.3030e-08
   8.8424e-13
   1.1697e-03
   1.1364e-06
   1.3178e-04
   1.9528e-09
   7.7540e-11
   3.7779e-10
   3.8471e-11
   1.7536e-08
   2.1501e-08
   3.6919e-06
   1.4271e-08
   2.5486e-12
   1.1111e-10
   7.3781e-09
   3.7999e-10
   3.6240e-07
   4.4809e-12
   1.0066e-09
   6.9090e-10
   1.2976e-10
   2.0003e-12
   1.0991e-12
   1.2640e-06
   4.5404e-09
   4.7766e-15
   3.4484e-13
   1.5131e-14
   2.3812e-07
   1.9100e-16
   6.5658e-14
   6.3802e-05
   2.6451e-07
   3.9213e-08
   8.1215e-09
   4.1407e-05
   4.5084e-05
   4.5377e-09
   1.1738e-10
   7.0861e-03
   2.1820e-04
   1.7029e-09
   8.7581e-04
   4.7613e-06
   2.4761e-05
   2.6466e-04
   5.1500e-13
   2.0929e-07
   1.0476e-13
   1.4273e-09
   6.7518e-04
   6.4710e-07
   3.5494e-11
   7.8231e-09
   3.9567e-07
   1.2191e-05
   3.6522e-09
   5.1825e-13
   5.8160e-09
   2.1292e-08
   8.3420e-12
   8.7432e-11
   7.2964e-09
   7.4164e-06
   1.2986e-10
   6.4167e-08
   7.8407e-05
   1.1294e-04
   6.7926e-08
   2.5736e-04
   1.6119e-04
   4.0032e-02
   1.6581e-05
   1.2319e-04
   6.2954e-08
   1.5075e-02
   5.2055e-05
   6.3100e-10
   1.2248e-04
   1.5768e-09
   1.6711e-11
   1.2541e-05
   2.0323e-03
   4.4779e-08
   5.4298e-11
   6.0250e-03
   1.7188e-10
   1.3854e-08
   2.4246e-03
   3.1045e-03
   1.1428e-06
   9.9909e-04
   3.2806e-05
   3.5154e-02
   1.1570e-06
   5.2582e-06
   7.0562e-03
   5.9358e-06
   1.2716e-07
   6.7607e-07
   3.5156e-07
   4.9804e-06
   6.9007e-07
   1.2468e-15
   1.4143e-05
   2.5437e-05
   1.0772e-06
   1.5312e-06
   1.1051e-12
   7.8403e-04
   1.8603e-08
   9.1810e-10
   1.1165e-10
   5.5210e-06
   2.5708e-05
   1.6718e-04
   1.9262e-06
   1.2044e-06
   2.4872e-06
   2.8194e-03
   9.5842e-06
   4.0135e-04
   7.7529e-05
   1.7451e-07
   2.1341e-12
   2.8064e-07
   8.0285e-07
   2.1237e-12
   8.7656e-10
   9.4061e-07
   8.1460e-07
   3.2661e-07
   3.0892e-03
   1.3604e-05
   2.2866e-02
   3.1211e-09
   7.6800e-15
   4.9761e-06
   3.6274e-04
   2.3673e-08
   4.5355e-16
   1.4211e-09
   4.7994e-07
   6.3114e-08
   4.4523e-03
   1.6161e-05
   7.2660e-08
   1.1492e-09
   3.6639e-08
   2.8168e-09
   1.9321e-14
   1.1144e-09
   3.9295e-09
   6.2591e-11
   5.6169e-08
   1.9830e-07
   3.3763e-06
   2.5118e-03
   1.5483e-05
   7.7184e-06
   3.3996e-07
   1.1749e-03
   1.8988e-07
   4.2805e-08
   1.7867e-08
   9.5201e-05
   1.4928e-09
   2.4278e-06
   3.5096e-07
   4.1110e-03
   6.0414e-09
   2.5735e-07
   2.3576e-12
   3.0587e-04
   2.8366e-06
   1.1633e-08
   2.4992e-04
   7.5647e-12
   3.0506e-06
   3.3331e-08
   3.0634e-06
   1.0965e-07
   3.0834e-05
   2.5109e-04
   1.7485e-08
   1.3369e-05
   5.8911e-07
   7.6873e-07
   4.1981e-03
   1.9040e-05
   1.0016e-07
   3.7650e-12
   1.8700e-08
   3.6516e-05
   4.6294e-09
   2.6111e-09
   1.5200e-08
   2.3018e-06
   6.4328e-07
   2.3927e-05
   3.2047e-04
   1.6687e-07
   8.0849e-08
   3.0464e-07
   6.9473e-09
   3.5596e-07
   2.5881e-05
   1.9996e-10
   6.3478e-08
   2.1417e-12
   5.4644e-13
   4.7163e-03
   1.6295e-08
   2.9931e-06
   3.8551e-12
   1.3401e-07
   7.6272e-05
   3.1727e-05
   1.4640e-05
   9.9434e-07
   4.4623e-04
   6.3995e-05
   6.0021e-04
   8.7834e-10
   2.3167e-05
   1.6243e-07
   2.7631e-04
   4.0745e-06
   5.8839e-11
   1.0915e-09
   1.0213e-04
   3.3582e-05
   1.8647e-06
   7.3072e-05
   5.1864e-06
   1.1357e-07
   3.0449e-07
   5.5067e-07
   1.0201e-07
   4.9139e-06
   1.4450e-05
   3.0845e-11
   4.1693e-04
   2.2673e-06
   9.7007e-06
   1.7681e-08
   1.1688e-07
   4.0531e-08
   7.7136e-03
   7.4321e-06
   7.7322e-05
   5.9177e-12
   3.7149e-09
   1.7738e-02
   5.6029e-09
   2.7566e-11
   2.5802e-07
   1.0604e-07
   4.2135e-07
   4.2077e-11
   5.8831e-09
   2.4551e-06
   7.1771e-05
   2.6452e-05
   8.2038e-09
   1.5870e-04
   5.5324e-09
   2.8583e-09
   2.5285e-08
   5.0931e-05
   3.6951e-06
   5.5812e-05
   2.1505e-07
   2.9440e-05
   1.5159e-06
   8.3464e-07
   3.8067e-04
   2.1108e-05
   5.9350e-11
   1.3083e-05
   5.2934e-11
   1.8442e-09
   2.7822e-06
   1.7761e-08
   7.2663e-12
   6.6369e-09
   9.6171e-11
   3.4936e-05
   2.1878e-08
   3.8701e-08
   1.8239e-13
   1.3997e-04
   2.0592e-07
   5.7573e-11
   9.4793e-06
   3.1766e-10
   7.3314e-08
   1.1355e-07
   2.6829e-06
   2.2835e-08
   3.0974e-11
   3.1944e-06
   1.4630e-04
   3.7993e-04
   2.1005e-04
   2.8767e-04
   2.2132e-05
   2.9708e-06
   8.4880e-12
   1.6756e-09
   1.0286e-04
   2.1390e-04
   1.8117e-05
   1.0331e-09
   2.7726e-05
   3.3719e-08
   2.9037e-03
   1.5040e-07
   1.2457e-03
   5.5312e-05
   4.1738e-10
   1.2270e-11
   2.3184e-11
   6.3325e-11
   3.1483e-09
   1.3441e-06
   1.3734e-07
   2.0293e-05
   1.0309e-04
   1.0167e-06
   6.0915e-07
   1.3638e-04
   2.9528e-06
   1.0118e-07
   1.3643e-04
   7.7388e-06
   2.4190e-11
   1.2619e-03
   6.4995e-10
   2.5788e-03
   4.0111e-09
   5.1481e-11
   6.1776e-06
   3.2365e-08
   5.1311e-07
   9.1341e-08
   1.3268e-07
   3.6298e-10
   2.1322e-09
   7.0706e-11
   2.7133e-07
   8.0517e-07
   5.0062e-07
   5.3756e-07
   1.7591e-06
   2.3612e-05
   2.0806e-06
   1.1179e-10
   1.3686e-05
   2.8991e-08
   2.7246e-05
   2.5916e-06
   4.0294e-06
   8.0016e-10
   3.1602e-11
   2.3191e-07
   1.9315e-07
   1.2676e-06
   1.9292e-07
   2.0854e-08
   9.8740e-08
   7.8468e-07
   6.7593e-08
   5.3806e-05
   2.0972e-04
   4.1081e-09
   1.0313e-01
   5.8152e-10
   5.3053e-01
   3.4555e-10
   3.4679e-04
   2.2323e-03
   6.4541e-06
   4.4974e-01
   6.8904e-03
   3.9331e-05
   2.8017e-03
   5.9694e-06
   3.4624e-08
   1.6920e-11
   3.9084e-08
   3.8170e-11
   1.8408e-11
   7.0006e-08
   3.3516e-10
   6.4608e-10
   1.9656e-08
   7.5378e-06
   5.4299e-05
   7.3332e-05
   1.8906e-07
   7.3773e-06
   5.1989e-08
   1.3667e-02
   2.6841e-07
   1.1209e-06
   1.8051e-08
   1.5437e-08
   3.8204e-04
   5.2314e-05
   2.7309e-06
   1.9072e-08
   2.5661e-05
   7.9360e-08
   3.5203e-06
   2.3333e-08
   1.4392e-05
   2.2826e-05
   5.1874e-07
   1.5744e-11
   5.4591e-11
   6.2084e-09
   3.4668e-07
   1.6240e-05
   1.1509e-08
   2.3903e-06
   4.2871e-11
   2.1511e-03
   4.5842e-10
   2.5101e-05
   7.4645e-10
   3.2717e-08
   8.9401e-09
   4.3134e-06
   1.1990e-09
   1.5921e-08
   5.5605e-10
   1.0998e-11
   2.1753e-05
   5.5926e-08
   8.7336e-07
   5.9833e-05
   3.0285e-09
   2.3807e-07
   1.1203e-07
   1.8131e-07
   1.3724e-06
   5.1408e-08
   5.6626e-06
   1.5470e-07
   2.5305e-05
   1.7365e-08
   1.3599e-04
   4.0202e-11
   4.0712e-08
   5.2023e-06
   2.4115e-08
   1.6804e-04
   3.0760e-09
   2.5242e-06
   2.5116e-08
   1.3386e-08
   1.3919e-05
   3.1082e-06
   1.1501e-05
   6.9996e-06
   5.7304e-06
   1.9470e-06
   1.4094e-10
   2.8899e-05
   9.0222e-05
   7.8680e-06
   5.5373e-08
   4.0035e-04
   6.9779e-08
   1.5146e-03
   1.9015e-15
   2.6194e-13
   1.2029e-12
   1.1717e-10
   5.8177e-08
   4.6588e-09
   1.8849e-09
   4.3193e-06
   7.2228e-10
   1.8757e-08
   1.0929e-06
   4.7073e-11
   3.6133e-07
   2.5281e-06
   1.7795e-10
   3.7831e-05
   3.7672e-08
   1.7748e-10
   2.9365e-13
   3.4999e-09
   5.6025e-14
   4.8346e-07
   3.3059e-04
   3.0075e-06
   8.0376e-13
   1.2148e-08
   2.2785e-11
   8.5772e-04
   2.3616e-07
   1.2080e-03
   3.2900e-15
   3.4568e-10
   5.9668e-05
   6.0535e-11
   3.5696e-11
   7.1928e-14
   3.1735e-02
   5.3240e-06
   2.6108e-04
   5.9895e-03
   2.7565e-11
   3.4122e-04
   2.0502e-07
   1.4578e-07
   5.2472e-06
   2.3165e-07
   3.2422e-08
   1.3147e-10
   1.8217e-09
   1.6881e-02
   2.2696e-10
   6.2778e-04
   2.5816e-03
   6.5859e-08
   1.8963e-07
   6.0033e-08
   1.3585e-09
   1.4606e-05
   1.4300e-06
   1.0154e-04
   5.8287e-10
   7.3259e-10
   6.3766e-09
   2.3950e-07
   1.1432e-04
   3.0586e-08
   4.4215e-07
   1.4561e-06
   7.4550e-09
   4.0376e-08
   2.5303e-09
   4.7604e-07
   2.3656e-04
   6.5635e-08
   4.2417e-07
   6.5122e-08
   2.6929e-06
   1.3137e-08
   1.5579e-09
   1.1732e-06
   4.9324e-08
   5.7038e-06
   2.4708e-05
   5.9237e-08
   8.6193e-04
   7.2877e-06
   6.8316e-05
   8.4038e-08
   7.0216e-10
   2.9276e-06
   5.5792e-06
   1.8301e-14
   1.5064e-06
   1.8493e-07
   1.1420e-06
   8.9642e-04
   2.7603e-09
   4.0477e-05
   9.6757e-06
   5.3569e-06
   1.1555e-05
   6.9314e-07
   2.3538e-05
   1.0669e-07
   2.8784e-04
   1.0632e-05
   1.1484e-02
   3.1373e-09
   6.3631e-05
   5.0803e-04
   1.5097e-01
   8.1642e-12
   5.0506e-05
   5.0160e-08
   3.1199e-05
   2.4114e-10
   3.1751e-07
   4.0895e-11
   7.4314e-07
   2.9123e-08
   1.0279e-12
   3.0301e-08
   8.5901e-08
   6.8017e-09
   1.1797e-07
   4.7665e-09
   6.7314e-12
   4.7020e-11
   3.6788e-09
   8.8840e-09
   1.4488e-08
   1.2641e-07
   8.4777e-12
   3.4942e-09
   2.2509e-12
   8.6252e-02
   3.5309e-12
   2.2948e-03
   2.1181e-08
   1.0557e-12
   1.0453e-10
   2.1007e-10
   6.7450e-12
   1.7870e-12
   3.8967e-13
   1.0205e-03
   1.0099e-12
   1.5243e-10
   1.1458e-12
   2.2495e-06
   1.9439e-10
   1.1654e-11
   4.6687e-12
   1.2604e-07
   1.6910e-14
   3.7229e-05
   7.1642e-10
   1.3674e-09
   2.9480e-07
   1.0675e-07
   1.6096e-11
   1.6307e-06
   1.7019e-08
   7.3690e-10
   1.1090e-13
   3.0923e-10
   3.7647e-11
   1.0395e-01
   1.2325e-12
   8.3236e-07
   3.5414e-04
   7.2838e-13
   1.2305e-07
   2.0766e-16
   2.5438e-15
   3.1491e-15
   1.3346e-13
   1.3067e-14
   7.9565e-15
   2.3935e-14
   5.9072e-10
   9.9992e-06
   2.6781e-11
   9.7504e-09
   1.7321e-09
   2.7166e-08
   2.0219e-09
   2.2505e-14
   1.1503e-13
   9.9084e-07
   1.1851e-06
   1.4364e-11
   2.1094e-01
   8.0540e-12
   1.0370e-10
   9.7821e-02
   3.5535e-06
   1.2683e-12
   8.9387e-08
   6.0140e-08
   2.0232e-10
   4.9503e-09
   2.0336e-12
   4.9519e-05
   3.7819e-08
   3.2547e-06
   1.2644e-09
   1.0783e-02
   5.9585e-13
   1.0108e-10
   9.8263e-02
   1.7281e-06
   1.7280e-02
   1.6744e-02
   1.6022e-11
   1.3831e-08
   5.0698e-09
   3.3095e-07
   2.1977e-10
   9.8599e-17
   3.7662e-05
   3.4981e-09
   1.5380e-07
   7.9078e-06
   1.6168e-05
   4.5010e-02
   2.3191e-10
   1.9688e-08
   3.2084e-14
   2.2991e-15
   8.7384e-16
   5.2519e-08
   8.8287e-07
   3.8227e-12
   7.5139e-15
   3.5219e-08
   6.1222e-02
   9.9507e-10
   5.0131e-11
   2.5529e-07
   3.3695e-11
   2.2747e-05
   3.6423e-11
   6.6898e-10
   5.4814e-08
   3.5099e-11
   4.8967e-08
   1.8095e-10
   6.0154e-18
   2.3875e-06
   2.6153e-11
   1.7371e-09
   9.9846e-07
   6.1864e-11
   8.1236e-03
   1.5928e-07
   3.8614e-07
   5.4966e-10
   3.3082e-08
   1.2350e-10
   1.6633e-06
   5.2682e-05
   1.9900e-04
   5.7646e-10
   4.1917e-10
   6.3722e-07
   2.3220e-07
   2.1885e-11
   8.3127e-06
   1.2723e-06
   3.5224e-05
   3.8133e-10
   1.9210e-06
   1.3982e-07
   1.5549e-05
   6.4680e-09
   1.7925e-12
   5.9252e-07
   5.0340e-06
   8.4140e-02
   2.8728e-06
   4.9461e-12
   2.3223e-05
   1.5232e-06
   1.3783e-04
   4.2295e-09
   8.6074e-03
   3.5600e-06
   9.7913e-08
   5.9856e-09
   4.9674e-05
   1.2686e-07
   1.4702e-11
   3.5592e-05
   4.1249e-07
   1.2687e-10
   4.4201e-08
   1.2749e-05
   6.8053e-09
   4.7209e-06
   2.6627e-02
   3.8235e-02
   6.7944e-08
   1.3125e-11
   5.6768e-02
   6.4041e-04
   1.1681e-07
   1.1388e-11
   9.0230e-07
   1.1536e-09
   1.1429e-03
   1.3706e-13
   1.9355e-06
   2.9928e-04
   1.2589e-12
   6.4813e-01
   6.8825e-08
   2.0940e-07
   4.4560e-06
   7.8111e-09
   1.0132e-10
   1.0281e-09
   5.1475e-17
   4.3848e-06
   1.8450e-13
   6.1901e-12
   7.3119e-09
   3.7570e-09
   1.5852e-08
   4.9340e-10
   1.4173e-08
   2.7643e-08
   9.2616e-06
   1.0941e-05
   1.9764e-10
   1.4234e-04
   8.3539e-12
   4.0312e-12
   1.3959e-08
   6.8404e-08
   3.2745e-04
   2.4210e-08
   5.5714e-07
   3.1560e-09
   4.0516e-05
   2.4260e-07
   2.8075e-09
   9.3280e-07
   5.3353e-06
   9.0144e-13
   3.6149e-12
   3.4624e-04
   2.6961e-11
   2.2795e-15
   1.2181e-07
   7.5367e-13
   3.2497e-06
   8.1803e-12
   1.9180e-12
   1.3153e-02
   1.5707e-07
   4.3962e-15
   1.8635e-07
   3.4393e-08
   8.8426e-10
   5.6444e-09
   1.9579e-06
   5.3960e-15
   2.0190e-14
   6.7977e-16
   3.4949e-15
   1.3193e-03
   4.1616e-14
   7.4100e-09
   5.4277e-07
   2.9708e-08
   2.6970e-05
   7.7758e-12
   2.8137e-09
   3.4290e-09
   2.1028e-11
   7.7489e-09
   2.4294e-07
   3.6671e-04
   8.0218e-06
   2.0339e-09
   1.2173e-10
   1.2344e-08
   1.7833e-06
   4.7960e-10
   1.2728e-07
   2.3961e-04
   1.5703e-09
   2.2057e-09
   4.4484e-08
   3.4901e-12
   6.2940e-11
   3.6817e-13
   2.4882e-14
   2.7905e-11
   1.1662e-10
   2.5566e-12
   2.1304e-14
   1.2815e-13
   2.0665e-06
   2.0422e-02
   1.2066e-08
   6.1681e-07
   1.0067e-11
   1.2943e-12
   2.5763e-12
   1.0916e-08
   1.6218e-07
   1.6915e-02
   8.2847e-12
   1.6044e-07
   7.5187e-09
   3.9727e-09
   1.0561e-10
   3.1350e-04
   2.6989e-07
   3.7548e-12
   3.9179e-12
   2.4648e-06
   7.2202e-06
   1.2037e-12
   1.7015e-06
   1.8573e-11
   4.1305e-11
   7.6626e-13
   5.5539e-12
   9.9330e-04
   8.4197e-10
   9.1220e-09
   5.0817e-07
   6.8070e-14
   3.5904e-05
   5.8651e-05
   4.8137e-11
   1.2571e-03
   8.3127e-04
   8.1268e-10
   1.0637e-09
   9.2828e-02
   4.5709e-11
   2.4995e-02
   2.0135e-09
   5.2522e-07
   7.5754e-04
   4.3065e-02
   1.2513e-04
   3.4789e-06
   1.2873e-09
   1.3348e-07
   6.2676e-08
   5.5103e-08
   3.6726e-09
   1.4869e-05
   1.8199e-06
   4.2422e-07
   1.4695e-04
   5.9012e-05
   2.9477e-15
   1.4601e-05
   1.7558e-08
   4.9798e-09
   4.1088e-11
   1.9925e-06
   9.5628e-07
   1.4038e-03
   6.1249e-08
   1.0316e-08
   1.9693e-11
   2.7459e-07
   7.3328e-08
   7.0811e-09
   1.6425e-07
   3.7767e-08
   1.4646e-15
   4.3091e-12
   2.2638e-06
   3.6371e-07
   8.1808e-06
   1.2476e-07
   3.5770e-06
   2.4956e-04
   1.1104e-06
   5.5948e-12
   1.7279e-05
   1.5251e-09
   6.6310e-06
   2.5536e-13
   6.3284e-05
   8.1764e-16
   3.7587e-06
   7.3971e-09
   3.9272e-10
   6.4618e-11
   1.0187e-05
   3.5625e-08
   2.4153e-06
   4.7592e-08
   4.1461e-09
   8.2748e-04
   4.0408e-05
   4.6881e-07
   5.8696e-05
   1.4640e-10
   4.4331e-13
   3.8848e-11
   8.7687e-03
   6.5400e-08
   9.1554e-09
   1.7713e-08
   8.1448e-06
   2.0077e-09
   2.5017e-07
   5.1896e-07
   7.6249e-11
   9.0902e-06
   1.5297e-09
   2.0307e-06
   5.0648e-07
   1.2041e-12
   6.8812e-08
   2.2425e-04
   7.1493e-05
   7.9286e-10
   1.1450e-02
   4.5737e-06
   4.3185e-08
   6.1982e-05
   2.3992e-10
   1.7778e-08
   3.2418e-08
   4.5997e-06
   8.5340e-09
   2.0224e-10
   2.1917e-08
   1.7819e-13
   1.0186e-09
   6.3038e-08
   3.6279e-05
   1.4595e-10
   1.3381e-10
   1.6080e-08
   5.8757e-14
   2.0627e-07
   4.2815e-12
   1.7797e-09
   7.4471e-11
   2.4088e-06
   1.5643e-02
   3.2334e-06
   2.9907e-02
   2.4988e-04
   1.1740e-09
   2.6007e-08
   1.1607e-08
   1.7622e-14
   1.7642e-14
   7.8681e-11
   3.1512e-12
   1.0237e-09
   2.4940e-11
   3.1044e-12
   1.1268e-06
   1.2101e-07
   2.4572e-06
   5.8075e-10
   2.0527e-11
   3.7244e-08
   1.0111e-11
   2.2386e-07
   2.6832e-03
   9.5634e-11
   2.3361e-12
   2.6257e-05
   9.7322e-11
   6.9408e-15
   1.7182e-13
   1.1077e-16
   2.1703e-05
   1.9687e-13
   8.5760e-03
   9.0833e-11
   5.3263e-04
   2.8346e-08
   4.8944e-17
   5.6085e-15
   1.7515e-08
   5.2314e-09
   7.6346e-12
   1.3468e-02
   1.0485e-12
   8.3225e-03
   1.9511e-12
   8.4616e-06
   5.7055e-09
   2.0306e-11
   3.7469e-11
   1.2777e-11
   1.4447e-09
   2.8301e-06
   6.5017e-13
   1.7768e-11
   6.8453e-11
   8.3177e-07
   5.8031e-07
   1.2849e-09
   4.0817e-06
   4.9379e-07
   1.0409e-01
   2.0015e-08
   2.3116e-03
   6.4288e-17
   6.7802e-05
   2.2265e-03
   1.4605e-11
   6.9398e-07
   2.9429e-05
   2.3063e-08
   3.8398e-07
   2.3156e-08
   3.9644e-06
   1.3196e-02
   2.9867e-06
   2.0660e-05
   5.3336e-04
   5.1508e-10
   6.6981e-08
   3.8182e-09
   3.8546e-01
   1.7542e-13
   4.3035e-12
   5.1171e-07
   1.7457e-10
   3.1553e-06
   4.5954e-10
   5.3115e-09
   5.3437e-10
   9.5421e-08
   1.7619e-07
   5.4320e-10
   3.8675e-11
   2.3260e-08
   1.5359e-13
   5.0649e-09
   4.5503e-01
   1.6729e-16
   1.5257e-13
   2.6501e-04
   9.8720e-10
   3.6644e-06
   1.5056e-04
   6.5490e-10
   4.8452e-05
   2.6448e-15
   9.6839e-17
   1.9342e-05
   3.1522e-07
   9.6221e-15
   5.9990e-07
   2.0293e-09
   1.2961e-02
   2.9885e-03
   1.7776e-12
   4.1786e-15
   1.3910e-04
   4.9566e-14
   3.1255e-09
   7.3898e-07
   7.9717e-07
   3.8844e-11
   1.3024e-02
   6.8103e-09
   4.8607e-08
   1.2327e-09
   3.6877e-04
   4.3770e-06
   2.4090e-08
   7.5730e-02
   1.2510e-09
   1.8674e-07
   1.3583e-11
   1.2248e-07
   7.0549e-13
   5.8296e-11
   1.7285e-15
   9.1682e-05
   2.2647e-10
   1.5045e-03
   2.5218e-09
   1.2094e-09
   9.4774e-05
   7.2109e-07
   3.5727e-09
   3.9109e-07
   3.0979e-13
   6.5914e-06
   3.5809e-04
   4.0493e-09
   1.7762e-08
   1.9448e-10
   1.6760e-09
   4.6609e-12
   3.2782e-03
   2.6183e-07
   2.9304e-08
   4.7451e-10
   2.5023e-06
   4.2364e-10
   1.0735e-05
   2.5935e-12
   2.0675e-06
   5.5020e-20
   4.6903e-02
   1.4434e-12
   1.3124e-06
   3.2950e-09
   9.3633e-13
   7.1550e-09
   1.8828e-05
   5.7260e-15
   5.6736e-04
   9.0607e-15
   2.5992e-14
   7.3857e-11
   8.5616e-08
   2.9851e-06
   6.9602e-14
   6.5638e-05
   1.1531e-03
   3.7003e-05
   1.8240e-10
   2.7124e-13
   3.7612e-03
   3.8853e-08
   5.8648e-09
   7.4979e-07
   8.2748e-05
   3.5611e-04
   3.4511e-12
   1.8783e-06
   5.5743e-06
   6.6100e-10
   1.2250e-03
   7.3566e-10
   8.1484e-10
   1.2273e-06
   2.5032e-01
   6.9842e-07
   4.4044e-09
   2.3146e-08
   1.0372e-11
   1.1936e-08
   3.0685e-11
   2.3980e-12
   1.0556e-07
   2.9283e-10
   2.2885e-08
   3.7004e-09
   1.0460e-08
   1.6342e-05
   7.5356e-14
   1.8166e-06
   3.2218e-08
   2.7687e-03
   8.7064e-12
   7.1134e-09
   1.1314e-04
   7.0925e-02
   1.6609e-10
   4.6495e-07
   2.6095e-07
   7.0516e-08
   8.3475e-09
   2.3773e-15
   2.4728e-06
   4.3193e-09
   1.3011e-04
   1.2449e-09
   9.2080e-11
   4.6848e-16
   1.4090e-09
   1.5911e-17
   4.8162e-03
   3.2530e-07
   5.6332e-06
   1.0919e-04
   3.6645e-06
   1.2247e-02
   1.1049e-05
   7.4414e-07
   3.4285e-10
   9.2634e-14
   3.0257e-06
   4.0279e-18
   1.1374e-07
   1.4660e-09
   5.4264e-07
   1.5819e-06
   1.5058e-12
   2.4303e-02
   1.1291e-09
   8.0312e-08
   2.4591e-10
   3.5032e-06
   1.4578e-06
   3.7820e-05
   3.0701e-08
   2.1425e-07
   1.5939e-02
   1.2508e-10
   3.5372e-10
   2.4878e-06
   2.4525e-12
   6.1725e-02
   6.8381e-12
   5.9342e-02
   6.5921e-09
   3.2165e-10
   3.7617e-08
   4.4067e-11
   7.1406e-09
   1.5116e-03
   3.2459e-08
   3.2056e-08
   1.4102e-08
   3.0728e-06
   1.3075e-08
   3.6896e-06
   1.8382e-07
   1.6597e-04
   1.4609e-15
   6.1015e-16
   3.0485e-14
   3.7537e-06
   7.9178e-09
   1.5769e-10
   5.5932e-06
   5.6466e-08
   1.5072e-07
   1.7242e-09
   7.3202e-13
   3.0719e-07
   5.0496e-09
   2.1549e-01
   4.9600e-09
   3.0087e-10
   5.2380e-17
   9.9626e-06
   1.4414e-11
   1.4152e-11
   2.6076e-04
   1.9991e-14
   2.6263e-09
   5.6039e-07
   1.0182e-08
   3.8401e-16
   2.6323e-06
   1.0815e-03
   5.2129e-17
   1.8413e-13
   7.7129e-08
   2.2760e-09
   8.3893e-12
   2.7401e-06
   1.5680e-12
   4.9558e-06
   4.3439e-11
   2.8291e-05
   3.2297e-11
   2.1117e-13
   2.8372e-08
   3.6522e-09
   9.1340e-12
   8.6951e-09
   8.4401e-11
   5.6902e-10
   1.0595e-07
   3.0263e-11
   6.9097e-12
   1.4197e-07
   1.5156e-06
   6.9621e-04
   7.3814e-05
   9.1965e-06
   1.2657e-04
   2.2309e-12
   2.4477e-09
   6.7677e-10
   1.4846e-09
   9.1151e-05
   1.0424e-13
   5.1995e-07
   6.5806e-02
   1.2728e-08
   1.1487e-06
   5.9456e-10
   2.5237e-10
   1.0880e-09
   3.4482e-15
   2.4911e-07
   1.3806e-06
   2.1335e-09
   1.1527e-06
   1.8084e-06
   1.5540e-08
   1.9107e-06
   6.2806e-05
   2.0456e-06
   5.2470e-07
   5.3660e-09
   2.3538e-07
   3.8504e-04
   5.4303e-09
   4.7504e-05
   1.0880e-07
   1.9505e-13
   1.6276e-07
   7.5516e-15
   2.9097e-02
   5.5306e-10
   1.1724e-04
   6.0536e-16
   6.2486e-13
   9.5190e-15
   1.6085e-07
   2.1434e-13
   6.9950e-09
   6.9729e-08
   1.4341e-08
   1.4383e-08
   3.6567e-02
   9.7488e-05
   9.2271e-09
   5.8765e-07
   2.3653e-12
   1.6750e-08
   1.6569e-05
   7.8960e-01
   3.2132e-14
   1.1070e-03
   5.5000e-01
   1.0706e-07
   1.4115e-09
   1.5071e-06
   1.5952e-10
   2.1839e-04
   7.9245e-12
   2.4052e-07
   1.6278e-08
   9.7783e-06
   5.2724e-05
   1.0653e-05
   1.4891e-04
   2.2475e-09
   1.6070e-06
   2.5617e-09
   2.4158e-06
   4.4847e-04
   4.5242e-07
   5.1753e-12
   1.2470e-02
   2.6443e-09
   8.8804e-08
   1.9121e-05
   2.6597e-07
   1.3267e-04
   1.5055e-06
   3.5186e-11
   3.7342e-12
   1.4590e-07
   1.6595e-13
   1.9650e-09
   5.9056e-08
   7.6994e-07
   3.9674e-06
   3.8393e-04
   7.6369e-04
   1.6243e-09
   1.7178e-11
   3.0089e-06
   9.4338e-05
   3.5726e-06
   8.8396e-07
   2.0342e-04
   2.3101e-02
   1.9692e-08
   2.0871e-09
   6.4337e-06
   6.9861e-09
   1.6147e-05
   1.0732e-07
   6.2018e-13
   1.3276e-08
   8.0795e-07
   4.6839e-09
   9.2138e-11
   5.4727e-08
   1.8510e-07
   2.2346e-05
   2.6714e-07
   1.4966e-11
   1.2819e-09
   9.4528e-02
   9.8489e-07
   6.2154e-09
   1.0223e-04
   1.0716e-11
   8.3857e-12
   1.0396e-05
   8.7193e-08
   3.2839e-06
   5.4583e-06
   8.5878e-14
   1.2043e-06
   7.0186e-05
   3.9198e-06
   2.2485e-02
   6.9571e-09
   2.1472e-08
   7.3590e-16
   2.0761e-02
   1.1348e-09
   5.2475e-06
   1.3959e-10
   1.4688e-02
   1.6601e-10
   9.0987e-10
   2.7827e-13
   3.3796e-04
   1.5900e-07
   4.0927e-06
   5.7452e-05
   9.6962e-07
   4.1722e-10
   5.7175e-05
   2.8823e-02
   1.1590e-06
   4.6614e-09
   2.5834e-14
   1.7533e-10
   3.4101e-08
   1.3670e-08
   2.7991e-07
   1.8653e-06
   1.1785e-10
   3.0725e-08
   4.8528e-07
   9.7667e-10
   4.1152e-04
   1.3343e-15
   5.9880e-09
   1.5751e-12
   3.3117e-05
   3.1394e-05
   4.1767e-11
   5.5189e-09
   4.5507e-10
   1.7130e-04
   1.4695e-01
   3.0735e-06
   3.4252e-10
   1.1855e-08
   1.8448e-05
   1.4725e-12
   4.2902e-07
   6.9158e-13
   1.8873e-11
   1.9107e-05
   2.0888e-10
   8.6792e-03
   3.5483e-07
   5.0337e-09
   1.8749e-10
   1.1145e-08
   2.0135e-09
   8.2498e-09
   3.1132e-07
   1.5937e-07
   2.1674e-03
   8.7715e-06
   4.5626e-09
   1.8873e-06
   1.4487e-07
   2.7408e-05
   2.3629e-08
   8.6262e-04
   1.8276e-03
   2.0496e-12
   1.3593e-11
   3.9561e-06
   1.3466e-10
   4.9190e-06
   2.6936e-09
   4.0869e-05
   3.8823e-09
   1.4332e-08
   7.2885e-08
   2.5360e-08
   8.6006e-08
   5.0992e-04
   2.7977e-09
   8.8286e-04
   2.3433e-10
   1.2501e-06
   7.8241e-10
   2.1509e-13
   1.3202e-07
   6.9011e-04
   3.4557e-04
   3.9302e-04
   1.1136e-05
   7.2485e-08
   3.1777e-03
   3.7606e-04
   3.2469e-06
   1.4604e-02
   3.4192e-01
   9.8347e-04
   7.2623e-08
   1.0205e-01
   2.0457e-10
   2.5324e-02
   2.1067e-03
   1.5189e-05
   1.7772e-01
   1.4523e-05
   2.8661e-07
   3.5468e-04
   1.6530e-01
   8.2713e-09
   9.6864e-08
   1.9850e-03
   9.4747e-02
   1.8799e-09
   8.4527e-04
   1.1166e-07
   1.0845e-04
   1.3960e-07
   1.2545e-06
   6.7434e-03
   2.1701e-04
   1.4158e-03
   2.8549e-02
   1.6462e-08
   3.0621e-08
   5.0981e-04
   1.6719e-01
   3.9393e-05
   2.9754e-06
   1.5841e-03
   2.0269e-10
   5.2252e-04
   1.0533e-04
   2.3587e-05
   1.2159e-02
   1.9119e-04
   2.2915e-07
   2.3519e-08
   1.9074e-05
   4.5562e-03
   1.2319e-01
   3.2116e-04
   1.3077e-03
   5.8316e-02
   4.8703e-01
   6.2618e-05
   2.4906e-04
   1.6362e-09
   6.2737e-02
   2.0821e-07
   6.3889e-15
   7.3144e-08
   8.2460e-07
   1.7103e-06
   1.2203e-10
   2.1408e-07
   4.7839e-03
   1.4344e-04
   3.2710e-06
   8.5121e-04
   1.4346e-02
   3.3898e-07
   3.4129e-08
   3.4907e-03
   2.0789e-06
   7.9418e-03
   9.2060e-06
   1.1317e-08
   1.0119e-07
   8.6514e-09
   1.1488e-03
   1.7441e-03
   3.9459e-16
   4.6667e-07
   1.9544e-03
   1.0064e-05
   1.3740e-08
   2.4335e-02
   2.1915e-05
   1.0458e-06
   9.3258e-02
   1.6511e-04
   3.3488e-02
   4.4735e-08
   8.2149e-02
   5.1677e-03
   2.8305e-07
   2.2291e-01
   1.5927e-10
   4.4258e-10
   7.3609e-16
   1.8923e-11
   8.4643e-08
   3.7243e-13
   7.4915e-16
   1.4281e-07
   6.1914e-07
   1.0226e-17
   1.0820e-07
   5.7494e-03
   1.7157e-15
   3.2187e-14
   1.6230e-07
   2.8179e-06
   1.4119e-07
   1.7182e-19
   2.5497e-08
   3.4127e-08
   4.3575e-07
   5.0721e-05
   1.4960e-05
   3.0473e-10
   1.5824e-07
   1.2590e-01
   1.5663e-03
   1.8608e-06
   7.1774e-07
   8.7997e-04
   2.1779e-01
   1.0884e-05
   1.8006e-09
   2.4161e-11
   8.7349e-04
   8.2141e-09
   6.0368e-03
   3.7867e-05
   8.2875e-07
   4.0392e-08
   1.6411e-09
   4.0182e-04
   1.8875e-05
   4.7995e-03
   1.0734e-06
   1.3817e-05
   4.0977e-06
   3.7676e-04
   3.6355e-04
   1.1165e-12
   2.9964e-05
   5.1575e-01
   2.3307e-06
   7.7334e-03
   1.5406e-06
   9.7338e-04
   1.1407e-06
   5.8740e-11
   4.9333e-07
   1.1152e-06
   5.7614e-08
   8.4339e-09
   1.2405e-16
   2.6189e-08
   4.5234e-07
   3.2910e-05
   7.8218e-05
   7.7707e-11
   1.3348e-04
   1.7226e-03
   3.5090e-12
   1.0491e-06
   1.4234e-07
   2.3534e-04
   5.0805e-06
   2.1942e-08
   5.1262e-01
   1.1059e-04
   3.7926e-04
   1.4626e-09
   3.9538e-06
   2.6252e-06
   5.1797e-01
   1.2978e-14
   1.3477e-06
   1.2547e-08
   4.2669e-03
   3.5950e-10
   2.7764e-08
   3.5445e-08
   2.6139e-09
   4.7454e-06
   3.6584e-09
   4.7726e-10
   1.9212e-07
   3.6140e-06
   2.9113e-08
   4.3246e-09
   5.2102e-08
   2.8674e-08
   3.2012e-06
   1.4985e-04
   8.2560e-02
   1.8964e-03
   3.7761e-06
   2.9375e-05
   2.3393e-08
   2.3132e-04
   8.1008e-05
   1.0883e-02
   2.2389e-03
   2.4923e-06
   5.6937e-12
   3.5467e-06
   3.4496e-05
   7.4548e-05
   2.2109e-03
   1.7738e-01
   6.4118e-12
   6.1826e-04
   2.4243e-04
   9.9458e-04
   5.0336e-07
   1.9555e-05
   8.3236e-13
   1.7307e-10
   3.9087e-09
   1.5149e-03
   2.6393e-03
   3.4642e-02
   1.1103e-11
   2.8391e-05
   5.1813e-03
   4.2646e-05
   5.1533e-02
   1.2714e-05
   1.4400e-07
   6.9151e-08
   4.1298e-09
   6.8006e-06
   1.4158e-05
   1.1054e-10
   9.2266e-06
   2.0909e-09
   1.8179e-03
   1.1854e-10
   2.5643e-12
   2.4162e-08
   3.4300e-07
   3.6509e-14
   1.4754e-07
   9.1337e-10
   7.1406e-07
   1.1723e-12
   1.4658e-05
   1.1595e-08
   5.9067e-04
   1.5622e-01
   2.5997e-03
   1.0618e-02
   1.9594e-08
   4.3302e-03
   3.9606e-02
   3.4018e-11
   2.4993e-06
   5.3869e-05
   2.3194e-05
   1.4298e-08
   4.4542e-06
   3.9728e-09
   2.3842e-16
   6.9493e-05
   9.2585e-05
   4.7615e-09
   4.4393e-08
   8.2113e-05
   3.1550e-02
   1.1733e-03
   1.0713e-06
   4.2988e-09
   1.8403e-07
   3.9048e-05
   1.6720e-04
   4.5055e-13
   1.4258e-01
   7.9725e-11
   3.2796e-03
   9.8142e-04
   2.2835e-01
   3.7797e-08
   2.6456e-04
   7.8470e-06
   8.9815e-11
   2.3165e-02
   7.0819e-04
   1.6930e-02
   2.5231e-04
   8.2875e-05
   2.7870e-12
   1.7769e-02
   1.9896e-07
   3.6804e-08
   1.2970e-01
   1.0325e-03
   7.0829e-03
   2.7653e-01
   2.3023e-01
   1.1338e-06
   1.8276e-05
   1.1488e-06
   1.7547e-10
   1.3710e-01
   7.1300e-04
   1.1897e-04
   2.5219e-02
   6.6560e-02
   5.0018e-01
   1.2157e-08
   1.3497e-07
   5.4937e-03
   2.6711e-02
   2.5276e-08
   2.6755e-08
   1.2958e-02
   1.5755e-07
   9.7760e-08
   2.8631e-09
   7.8053e-04
   2.2390e-07
   2.0887e-10
   3.3244e-11
   9.6523e-09
   5.9886e-05
   1.2750e-10
   5.9993e-09
   6.1336e-06
   1.6615e-05
   1.4449e-09
   1.1666e-13
   3.5873e-16
   2.9759e-09
   1.4224e-08
   1.8541e-04
   1.1592e-10
   7.9405e-09
   3.2623e-05
   7.9867e-12
   1.9477e-10
   1.3211e-06
   1.1194e-04
   2.2661e-06
   1.7718e-05
   1.6442e-01
   2.8024e-11
   4.6106e-03
   7.9460e-02
   5.8334e-05
   2.5394e-10
   1.3510e-01
   1.5516e-02
   1.9856e-06
   2.9912e-05
   2.8532e-13
   1.2688e-05
   3.7128e-08
   1.0637e-05
   3.9892e-05
   3.1802e-08
   1.4126e-07
   2.0224e-03
   4.6836e-02
   2.5307e-07
   3.4170e-05
   4.9444e-02
   7.9443e-03
   1.7880e-04
   1.4456e-09
   7.9054e-11
   1.0755e-14
   4.3028e-05
   1.7077e-07
   7.6707e-11
   1.9120e-10
   2.5343e-07
   2.6710e-02
   2.8062e-06
   2.8121e-07
   1.4683e-06
   4.7231e-08
   2.4878e-03
   5.1834e-06
   4.9646e-14
   2.3699e-02
   4.6565e-10
   3.8217e-06
   1.3758e-05
   2.3156e-04
   8.1872e-04
   2.2423e-05
   5.7601e-08
   5.1251e-09
   1.7265e-04
   6.1088e-07
   1.1036e-04
   1.5109e-02
   1.1400e-02
   7.7240e-05
   7.0978e-04
   9.9488e-06
   1.3145e-04
   1.2643e-07
   7.2143e-07
   4.0768e-08
   1.0320e-03
   8.4317e-03
   2.3701e-15
   9.2818e-08
   1.7422e-05
   3.0120e-05
   4.3319e-07
   6.7573e-11
   1.4655e-01
   1.2646e-05
   5.1945e-04
   2.0884e-04
   1.3130e-07
   1.9590e-09
   5.2915e-02
   5.4403e-08
   1.3142e-03
   8.3420e-10
   2.7993e-11
   1.5623e-05
   4.0767e-11
   2.6313e-10
   1.2953e-10
   2.1445e-09
   6.0361e-03
   1.6437e-09
   1.4870e-19
   4.9756e-12
   4.4537e-14
   2.5408e-16
   3.1094e-16
   2.3062e-12
   1.8739e-11
   6.6663e-07
   1.4365e-05
   2.2316e-01
   9.5720e-11
   6.5846e-10
   1.0617e-05
   1.0083e-10
   3.1998e-12
   2.2005e-10
   1.4802e-14
   9.4624e-14
   2.4665e-06
   2.1577e-07
   3.1493e-02
   3.0017e-05
   2.8844e-07
   1.7218e-09
   9.9826e-12
   2.0202e-03
   4.0093e-14
   2.2540e-04
   6.9714e-08
   1.1646e-03
   5.1441e-10
   4.2828e-03
   1.8390e-07
   2.3687e-02
   4.8690e-06
   2.2319e-09
   1.6165e-04
   2.9576e-05
   1.0874e-10
   2.5549e-08
   2.2162e-05
   3.4746e-03
   3.1018e-09
   2.4102e-10
   5.8528e-06
   3.2640e-07
   2.7581e-06
   5.2358e-04
   6.6084e-08
   1.0548e-06
   1.1530e-03
   7.4176e-06
   1.4669e-04
   2.6080e-08
   4.6633e-03
   3.7037e-09
   8.1223e-05
   1.2898e-09
   7.9557e-05
   1.4688e-09
   3.8202e-04
   7.7992e-04
   5.0449e-05
   7.0048e-04
   7.2322e-03
   2.6852e-07
   1.0675e-04
   1.7878e-08
   9.3945e-07
   5.0021e-08
   5.9760e-10
   1.0117e-04
   7.5689e-08
   8.4612e-05
   1.8523e-03
   1.8847e-07
   2.4914e-07
   8.8408e-12
   9.8489e-06
   1.0099e-06
   4.0275e-04
   4.3423e-08
   2.2740e-05
   4.9658e-05
   3.5994e-06
   2.6580e-06
   1.3596e-05
   1.6148e-06
   6.2048e-06
   6.1649e-03
   1.1454e-06
   1.0325e-03
   8.8236e-06
   1.9330e-06
   4.8818e-06
   3.3270e-11
   1.2341e-05
   3.5323e-04
   7.6666e-07
   3.0296e-08
   3.4069e-06
   1.2828e-05
   4.8280e-09
   1.6923e-06
   2.4690e-07
   9.8639e-08
   7.6455e-06
   1.1734e-03
   5.8172e-04
   6.3569e-06
   6.7405e-06
   2.2314e-05
   1.7930e-07
   4.3511e-07
   7.6031e-06
   2.1655e-04
   2.0531e-10
   3.7048e-09
   1.8825e-05
   5.5207e-08
   4.2355e-06
   8.5258e-06
   1.0403e-02
   5.5193e-09
   1.0804e-04
   4.7750e-02
   4.4350e-07
   3.4516e-08
   8.9916e-13
   3.9844e-06
   5.4525e-02
   3.0942e-09
   1.2717e-07
   9.3093e-07
   5.4578e-08
   1.7874e-11
   7.9909e-03
   7.5091e-09
   5.6058e-12
   1.8789e-05
   1.6303e-12
   6.4517e-08
   3.2423e-06
   6.0001e-13
   6.7442e-09
   1.6847e-09
   6.0570e-06
   1.3965e-04
   1.8181e-12
   1.4933e-06
   1.2747e-01
   9.6537e-10
   8.2172e-03
   1.9540e-13
   5.4429e-10
   3.6904e-15
   3.1239e-02
   5.6128e-09
   6.8614e-04
   8.5931e-04
   4.4282e-12
   3.6099e-02
   1.9284e-08
   1.0253e-10
   9.7061e-06
   5.2798e-06
   9.9154e-07
   2.0042e-12
   9.3008e-10
   5.6905e-10
   1.3167e-06
   8.0496e-09
   1.4790e-05
   7.6527e-05
   4.9981e-11
   5.1960e-10
   6.8931e-08
   1.9608e-07
   2.9367e-05
   3.7788e-09
   1.1829e-09
   5.8475e-12
   3.8414e-06
   3.4906e-06
   1.3224e-06
   9.9257e-10
   1.1910e-10
   7.0521e-05
   2.7968e-04
   2.3502e-05
   3.1088e-11
   8.1340e-06
   2.4394e-12
   2.2675e-08
   8.0091e-04
   7.5541e-09
   2.8529e-10
   3.1048e-09
   2.0822e-08
   4.6443e-10
   5.5417e-08
   1.0942e-08
   5.1407e-04
   7.6579e-10
   2.4674e-11
   5.7414e-07
   5.2333e-03
   6.7437e-03
   6.6474e-02
   5.5690e-03
   3.5433e-07
   3.9644e-07
   2.9528e-04
   1.5255e-04
   7.0512e-05
   3.0105e-01
   5.4683e-05
   1.0212e-01
   5.2088e-07
   1.0243e-08
   2.1360e-06
   9.9148e-11
   1.5322e-03
   3.6065e-11
   5.9929e-07
   1.7140e-03
   7.4019e-12
   8.4168e-13
   7.8743e-06
   2.4410e-06
   2.7985e-04
   2.2715e-04
   2.2867e-13
   4.2702e-13
   1.4125e-07
   6.8067e-09
   1.6256e-06
   1.9621e-04
   1.9751e-08
   4.0411e-05
   1.7746e-04
   6.6026e-05
   6.4523e-08
   1.0960e-09
   3.7551e-07
   2.3726e-10
   3.8115e-06
   1.8303e-08
   1.0785e-07
   6.5814e-08
   2.3088e-03
   2.5314e-07
   3.0830e-05
   2.1087e-06
   1.1695e-07
   3.3755e-07
   1.0199e-06
   6.5833e-07
   1.6087e-06
   5.3502e-06
   6.6861e-08
   1.4937e-03
   1.2491e-05
   2.7012e-06
   3.7486e-05
   8.5674e-07
   2.3907e-07
   3.6479e-04
   1.4921e-03
   6.9694e-05
   2.0981e-05
   7.2373e-10
   5.1004e-07
   1.6285e-05
   4.2813e-05
   6.9469e-07
   1.6314e-07
   5.2978e-14
   2.7288e-07
   1.9146e-04
   1.4328e-08
   2.3121e-07
   6.3487e-08
   5.5115e-06
   6.1172e-11
   5.1410e-11
   1.5660e-01
   3.3773e-05
   1.4826e-08
   8.5637e-08
   2.8711e-09
   1.1806e-08
   5.7708e-08
   3.6595e-04
   1.0884e-06
   1.0978e-06
   2.5212e-10
   3.4058e-06
   1.4281e-04
   7.3154e-05
   4.6594e-11
   5.5472e-11
   5.6461e-07
   6.6492e-08
   4.4039e-07
   1.4301e-08
   3.4576e-05
   2.2703e-11
   1.3949e-10
   3.2416e-06
   1.2863e-04
   6.2413e-12
   2.2220e-06
   2.3906e-02
   5.3744e-08
   3.1570e-14
   1.7940e-05
   4.1204e-08
   8.9597e-08
   4.6173e-11
   8.2068e-06
   7.7936e-10
   2.8500e-12
   3.8016e-05
   7.2495e-05
   3.0386e-03
   1.2148e-08
   9.4387e-12
   1.4573e-05
   2.8270e-11
   9.2686e-11
   6.6559e-11
   2.4555e-12
   1.0453e-09
   9.2099e-11
   6.5472e-12
   2.9723e-15
   2.2739e-11
   1.5565e-02
   2.3198e-10
   7.5560e-11
   2.5672e-10
   4.7586e-11
   1.9256e-09
   1.6595e-07
   4.4758e-05
   3.7954e-04
   1.8260e-10
   1.4038e-06
   3.2165e-09
   1.1943e-09
   4.5647e-04
   5.9799e-09
   1.5062e-09
   2.2217e-09
   2.6612e-10
   1.6864e-10
   1.0229e-08
   1.7884e-10
   2.3108e-05
   4.6873e-05
   1.6895e-07
   3.5737e-06
   4.9216e-03
   3.0440e-06
   5.7542e-05
   7.9192e-07
   3.1913e-04
   2.8123e-03
   2.8991e-03
   1.2065e-02
   7.3923e-04
   5.0962e-09
   1.0574e-04
   6.2983e-08
   2.4926e-06
   1.9688e-06
   8.0398e-05
   2.4695e-10
   1.4362e-05
   2.8254e-11
   4.2717e-06
   1.3713e-03
   1.0549e-06
   1.2809e-02
   5.3770e-08
   1.8702e-04
   1.7683e-10
   3.9494e-09
   9.3526e-05
   4.2494e-01
   1.7112e-03
   6.2265e-12
   9.4810e-08
   1.5323e-08
   8.1735e-07
   1.4354e-05
   1.8996e-05
   9.2510e-05
   1.3862e-06
   9.5011e-05
   5.6180e-05
   7.2666e-11
   5.2491e-03
   9.2841e-01
   4.1025e-04
   1.5108e-05
   5.9284e-06
   3.8264e-09
   8.4519e-13
   2.3359e-06
   2.7870e-06
   7.0534e-06
   1.1805e-09
   2.9260e-01
   1.4974e-03
   1.8047e-01
   1.0576e-10
   6.3784e-05
   3.5624e-10
   5.5088e-01
   8.0461e-07
   2.5213e-06
   9.4185e-04
   8.3093e-13
   1.0143e-16
   7.8958e-06
   5.5429e-06
   2.5351e-09
   2.4658e-03
   3.6104e-06
   1.7736e-09
   3.4025e-06
   7.0698e-07
   1.9714e-14
   3.6950e-05
   3.9130e-05
   4.2748e-04
   3.3053e-05
   1.0445e-03
   5.8355e-07
   2.6848e-06
   3.8513e-07
   1.1123e-04
   2.3654e-08
   1.6080e-03
   4.0925e-06
   4.8067e-08
   1.9824e-08
   1.7127e-12
   3.5197e-08
   1.0954e-13
   4.5402e-04
   4.6443e-04
   7.9653e-06
   5.5037e-07
   1.7723e-08
   2.2158e-07
   9.4802e-06
   9.4786e-08
   3.5763e-10
   4.2880e-07
   2.0061e-07
   5.2711e-05
   3.4021e-08
   6.9025e-13
   2.9439e-10
   2.3904e-08
   6.9368e-04
   2.0040e-12
   2.7159e-08
   2.8921e-09
   5.0528e-05
   2.5476e-04
   4.5993e-07
   4.6794e-03
   1.4915e-14
   1.4335e-01
   7.8881e-12
   1.4232e-03
   7.5449e-04
   9.6757e-11
   1.7487e-03
   1.5934e-08
   2.5298e-05
   3.9758e-11
   3.4383e-07
   5.2881e-07
   9.2090e-09
   4.7084e-09
   3.9581e-11
   1.0952e-02
   9.6288e-11
   3.7486e-09
   1.2046e-04
   1.3496e-05
   3.3451e-05
   1.5253e-04
   9.3187e-07
   1.0567e-03
   8.2059e-07
   4.6752e-06
   6.2269e-08
   1.5738e-11
   2.7715e-12
   1.6631e-07
   2.3031e-06
   4.1701e-07
   6.4589e-03
   8.0736e-05
   1.5486e-10
   2.2974e-07
   1.3881e-06
   1.1854e-08
   8.7129e-06
   8.3988e-14
   4.3995e-15
   2.6207e-10
   3.5389e-04
   7.2094e-08
   8.2822e-07
   2.3351e-07
   7.5254e-08
   5.0882e-10
   1.2896e-09
   2.1992e-04
   3.6761e-14
   1.0090e-07
   5.9637e-08
   1.6817e-06
   2.7366e-07
   1.1645e-06
   3.1271e-09
   5.4223e-07
   1.8068e-09
   4.1339e-09
   3.9816e-05
   1.8381e-05
   6.8194e-13
   1.0018e-10
   2.3020e-05
   1.4346e-09
   2.2739e-11
   9.5152e-04
   4.4185e-05
   1.6132e-06
   2.3680e-13
   4.2135e-06
   5.1809e-03
   2.1207e-07
   1.1232e-05
   1.2781e-05
   5.5075e-06
   1.9509e-10
   4.6371e-09
   9.3755e-04
   1.2887e-10
   2.2287e-02
   1.8381e-10
   4.4190e-16

J =  0.015535
grad =

   0.0018105
   0.0000000
   0.0000000
  -0.0000000
   0.0000000
   0.0000000
  -0.0000001
   0.0000012
   0.0000004
  -0.0000000
  -0.0000000
   0.0000000
  -0.0000001
  -0.0000002
  -0.0000001
  -0.0000000
  -0.0000000
  -0.0000000
   0.0000000
   0.0000000
   0.0000000
   0.0000000
  -0.0000000
   0.0000001
  -0.0000005
  -0.0000005
  -0.0000001
   0.0000017
   0.0000004
  -0.0000003
   0.0000001
  -0.0000000
   0.0000006
   0.0000027
   0.0000012
   0.0000001
   0.0000002
  -0.0000004
  -0.0000004
  -0.0000000
  -0.0000000
   0.0000000
   0.0000000
  -0.0000000
  -0.0000019
  -0.0000034
  -0.0000045
  -0.0000052
   0.0000011
   0.0000036
  -0.0000013
  -0.0000006
   0.0000015
   0.0000079
   0.0000114
   0.0000104
   0.0000018
  -0.0000029
  -0.0000029
   0.0000000
  -0.0000000
  -0.0000000
  -0.0000001
   0.0000003
   0.0000124
   0.0000245
   0.0000338
   0.0000449
   0.0000255
   0.0000404
   0.0000134
   0.0000002
   0.0000046
  -0.0000025
   0.0000213
   0.0000277
   0.0000425
   0.0000767
   0.0000734
   0.0000003
   0.0000006
  -0.0000000
  -0.0000006
  -0.0000014
   0.0000645
   0.0001619
   0.0001816
   0.0001144
   0.0000596
   0.0000392
   0.0000331
   0.0000558
   0.0000214
  -0.0000348
   0.0000473
   0.0001444
   0.0001201
   0.0001305
   0.0000981
   0.0000030
   0.0000010
   0.0000000
  -0.0000013
   0.0000177
   0.0001029
   0.0002899
   0.0002228
   0.0002050
   0.0002356
   0.0002004
   0.0001577
   0.0001742
   0.0000853
  -0.0000018
   0.0001302
   0.0003308
   0.0002771
   0.0002470
   0.0001507
   0.0000119
   0.0000021
   0.0000000
  -0.0000036
   0.0000690
   0.0002140
   0.0003154
   0.0002473
   0.0003163
   0.0004136
   0.0004022
   0.0002211
   0.0001373
   0.0000918
   0.0001344
   0.0003527
   0.0005937
   0.0005943
   0.0003175
   0.0001154
   0.0000366
   0.0000014
   0.0000001
  -0.0000054
   0.0001080
   0.0003204
   0.0003701
   0.0004978
   0.0006586
   0.0007175
   0.0004458
   0.0001529
   0.0001256
   0.0003131
   0.0006937
   0.0007112
   0.0007529
   0.0007169
   0.0004757
   0.0001386
   0.0000840
  -0.0000033
  -0.0000016
   0.0000157
   0.0001405
   0.0002539
   0.0005183
   0.0009118
   0.0011756
   0.0011145
   0.0008263
   0.0004872
   0.0004301
   0.0007115
   0.0008777
   0.0007594
   0.0005241
   0.0005442
   0.0005849
   0.0002430
   0.0000725
   0.0000101
  -0.0000035
   0.0000346
   0.0001299
   0.0003500
   0.0006273
   0.0010372
   0.0012023
   0.0011715
   0.0011300
   0.0010872
   0.0010446
   0.0009773
   0.0006543
   0.0004962
   0.0005569
   0.0006867
   0.0005738
   0.0001797
   0.0000641
   0.0000035
  -0.0000024
   0.0000191
   0.0001052
   0.0004712
   0.0009269
   0.0009875
   0.0008359
   0.0007766
   0.0010690
   0.0014284
   0.0014791
   0.0013319
   0.0011808
   0.0010333
   0.0011623
   0.0010579
   0.0007236
   0.0002231
   0.0000573
  -0.0000032
  -0.0000005
  -0.0000012
   0.0001102
   0.0004831
   0.0009388
   0.0008532
   0.0006715
   0.0007660
   0.0012221
   0.0014357
   0.0014643
   0.0014064
   0.0014783
   0.0013685
   0.0012626
   0.0011052
   0.0006858
   0.0003234
   0.0000853
   0.0000013
  -0.0000007
   0.0000006
   0.0001177
   0.0005190
   0.0007983
   0.0007317
   0.0008259
   0.0010176
   0.0009772
   0.0007358
   0.0005880
   0.0006249
   0.0008103
   0.0009067
   0.0010278
   0.0008811
   0.0004281
   0.0001145
   0.0000540
   0.0000065
  -0.0000004
   0.0000028
   0.0000601
   0.0001985
   0.0004553
   0.0005628
   0.0007796
   0.0006696
   0.0002708
   0.0001371
   0.0000816
   0.0002188
   0.0002871
   0.0003908
   0.0006078
   0.0006085
   0.0003284
   0.0001508
   0.0000539
   0.0000021
  -0.0000001
  -0.0000020
   0.0000479
   0.0001674
   0.0002639
   0.0004872
   0.0004498
   0.0002126
   0.0001038
   0.0000450
   0.0000169
   0.0000659
   0.0000860
   0.0001417
   0.0003805
   0.0003388
   0.0001718
   0.0001682
   0.0000440
   0.0000033
   0.0000000
  -0.0000007
   0.0000051
   0.0000623
   0.0002118
   0.0002210
   0.0001030
   0.0000648
   0.0000317
   0.0000243
   0.0000457
   0.0000556
   0.0000699
   0.0001477
   0.0002108
   0.0002096
   0.0001443
   0.0000861
  -0.0000003
   0.0000010
   0.0000000
   0.0000002
  -0.0000040
   0.0000022
   0.0001508
   0.0001169
   0.0000668
   0.0000429
   0.0000082
   0.0000070
   0.0000020
   0.0000024
   0.0000317
   0.0000345
   0.0001224
   0.0002029
   0.0001082
   0.0000162
  -0.0000001
   0.0000012
  -0.0000000
   0.0000001
  -0.0000013
   0.0000022
   0.0000685
   0.0000590
   0.0000199
  -0.0000050
  -0.0000031
   0.0000044
  -0.0000006
   0.0000015
   0.0000036
  -0.0000091
   0.0000253
   0.0000158
  -0.0000051
   0.0000064
   0.0000002
   0.0000001
   0.0000000
  -0.0000000
  -0.0000002
   0.0000020
   0.0000154
   0.0000024
   0.0000035
  -0.0000237
  -0.0000190
   0.0000028
  -0.0000096
  -0.0000019
   0.0000014
  -0.0000015
   0.0000026
  -0.0000303
  -0.0000124
   0.0000009
  -0.0000000
  -0.0000000
   0.0000000
   0.0000000
  -0.0000000
   0.0000002
  -0.0000011
  -0.0000002
  -0.0000003
   0.0000022
   0.0000018
  -0.0000003
  -0.0000017
   0.0000000
  -0.0000030
  -0.0000131
  -0.0000014
   0.0000026
   0.0000009
  -0.0000001
   0.0000000
   0.0000000

reg =

  -6.1387e-05
   0.0000e+00
   0.0000e+00
   1.3094e-09
  -1.2094e-08
  -1.3194e-08
   1.9689e-08
  -2.5795e-07
   2.8825e-09
   7.6870e-09
   9.1691e-09
   1.6077e-09
   5.1001e-09
   2.2228e-08
   2.2307e-08
   7.1392e-08
   9.3730e-08
   7.9203e-09
  -1.3318e-09
  -2.1217e-12
   0.0000e+00
  -3.8438e-13
   1.6381e-10
  -1.6796e-08
   1.3690e-07
   1.5795e-07
   3.1509e-08
  -3.4810e-07
   6.4159e-09
  -2.1239e-08
  -1.7814e-07
  -2.4515e-08
  -5.3791e-08
  -2.3788e-07
  -1.5434e-07
  -6.5050e-07
  -8.8626e-07
   8.0429e-08
   1.3894e-07
   6.1501e-09
   3.0016e-09
   3.1101e-12
  -4.1452e-09
   5.6294e-09
   3.8079e-07
   9.1289e-07
   1.3325e-06
   1.3085e-06
  -1.0117e-06
  -1.4706e-06
  -4.6598e-07
  -6.2829e-07
  -7.5831e-08
  -7.5678e-07
  -2.5878e-06
  -4.4967e-06
  -3.6572e-06
  -9.0458e-07
   7.2993e-07
   9.4233e-09
  -8.7320e-09
   1.5665e-11
   1.7230e-08
   8.3283e-08
  -2.2925e-06
  -8.6471e-06
  -1.4383e-05
  -1.9867e-05
  -1.1721e-05
  -1.2288e-05
  -9.4213e-07
   5.0275e-06
  -1.7580e-06
  -5.2405e-07
  -8.8902e-06
  -1.1435e-05
  -1.6498e-05
  -2.0720e-05
  -1.9856e-05
  -6.2242e-07
  -2.9511e-07
   3.4615e-11
   9.2734e-08
  -8.0584e-07
  -1.3337e-06
  -4.5730e-06
  -4.4820e-05
  -3.6440e-05
  -2.2561e-07
   2.1463e-05
   3.2048e-05
   1.1579e-06
  -7.7427e-06
  -1.6050e-06
  -1.9947e-05
  -1.7679e-05
   2.9353e-05
   5.6782e-06
  -1.8270e-05
  -4.0846e-06
  -6.8772e-07
  -4.0196e-10
  -2.4940e-07
  -1.6749e-06
   2.4555e-05
   3.7993e-06
  -1.3998e-05
  -2.4768e-05
  -1.1234e-05
   3.7111e-05
   2.4387e-05
  -2.9258e-05
  -1.9239e-05
  -5.4642e-06
  -2.9567e-05
  -2.6232e-05
   6.1060e-05
   1.7029e-05
  -5.0153e-05
  -1.1821e-05
  -7.5513e-07
  -2.5229e-09
   2.0523e-07
  -1.1842e-05
  -5.1695e-06
  -8.5175e-06
  -2.5392e-05
  -1.3313e-05
  -1.5385e-05
  -7.2810e-06
  -1.8592e-05
  -1.6980e-05
  -1.2208e-05
  -5.6277e-06
  -1.6882e-05
  -3.0188e-05
  -2.9376e-05
  -1.7224e-06
  -2.9945e-05
  -1.8892e-05
  -4.9001e-07
  -1.2235e-08
   7.5979e-07
  -2.4496e-05
  -4.2934e-05
  -1.7054e-05
  -2.0079e-05
   7.6858e-07
  -1.1080e-05
   1.0889e-05
  -4.1092e-05
  -4.1285e-05
  -2.0895e-05
  -3.5479e-05
   2.1604e-05
   3.7641e-05
  -1.2788e-05
  -3.7336e-06
  -2.1411e-06
  -4.0241e-05
  -1.8844e-07
   2.9100e-07
  -3.5223e-06
  -1.8410e-05
  -1.2088e-05
  -3.2155e-05
  -2.2672e-05
   7.1457e-06
   6.4444e-06
  -6.3300e-06
  -3.9713e-05
  -1.2156e-05
   6.8753e-06
  -1.6340e-05
  -2.9581e-05
   8.5507e-06
  -4.7809e-06
  -1.7057e-05
  -2.5782e-05
  -4.7950e-05
  -7.2478e-06
   5.9502e-07
  -6.7476e-06
  -3.3331e-06
  -1.2467e-05
  -1.7325e-05
  -8.5237e-06
  -4.1944e-06
   3.8082e-06
   8.8552e-06
   1.1078e-05
   2.0756e-05
   1.2053e-05
   1.3378e-05
   9.7751e-06
   6.0097e-08
  -2.7128e-05
  -5.0563e-06
  -6.3909e-06
  -3.4663e-05
  -2.1324e-06
   3.8250e-07
  -3.6185e-06
   1.0424e-05
  -2.3050e-05
  -3.8081e-05
   4.4172e-06
  -6.5921e-06
   1.0536e-05
   5.3048e-05
   5.3021e-05
   3.4217e-05
   3.8863e-05
   2.7161e-06
   2.1950e-05
   2.0672e-06
   1.2466e-06
  -4.4779e-06
  -2.8930e-05
  -2.6854e-05
   5.4621e-07
   1.1865e-07
  -2.5929e-06
   8.5289e-06
   3.5044e-05
   1.0955e-05
  -1.0032e-05
  -1.5843e-05
   3.0339e-05
   2.3969e-05
   8.6592e-06
  -1.2600e-05
   4.7411e-06
  -3.0400e-05
  -1.8817e-05
   1.1891e-05
   1.5736e-05
   1.4142e-05
  -4.4127e-05
  -2.9151e-05
  -1.2089e-06
   3.6506e-07
  -3.2597e-06
  -3.6400e-05
  -4.0949e-05
  -2.0846e-05
  -3.3982e-05
  -8.3555e-06
  -2.8768e-07
   3.4214e-06
   3.9837e-06
   1.5263e-05
   1.5742e-05
  -1.7915e-05
  -1.3889e-05
  -1.6498e-05
  -1.6210e-05
   3.6340e-05
   9.9406e-06
  -1.3524e-05
  -1.8710e-06
   3.0150e-07
  -3.9712e-06
  -1.6131e-05
   2.1088e-05
   1.3214e-05
   3.1570e-05
  -1.2588e-05
  -2.0186e-05
   1.7562e-05
  -2.4250e-05
  -2.4232e-05
  -4.1217e-05
  -2.1298e-05
   2.0871e-05
   2.7423e-05
  -1.2460e-05
   2.0131e-05
   7.1045e-06
  -1.0624e-05
  -5.4389e-07
   4.4684e-08
  -3.3496e-07
  -8.8065e-06
  -8.6508e-06
  -1.7509e-06
  -6.6084e-06
  -1.8985e-05
  -1.5291e-05
  -3.8889e-05
  -3.5300e-05
  -1.9667e-05
  -3.1598e-05
  -2.1805e-05
   2.9222e-05
  -1.3406e-05
  -5.6735e-06
   3.2852e-05
  -1.5953e-05
  -9.3138e-06
  -5.2776e-07
  -2.3930e-09
   2.3013e-07
  -2.3367e-06
  -1.7571e-05
  -1.5906e-05
   1.3829e-05
  -9.7923e-06
  -2.5107e-05
  -2.0452e-05
  -1.5455e-05
  -2.0857e-05
  -2.6476e-05
  -2.4849e-05
  -2.1744e-05
  -1.1072e-05
   8.8842e-06
   3.1140e-06
  -1.9858e-05
  -2.4368e-07
  -1.1464e-07
  -2.4865e-10
  -2.1027e-07
   1.4453e-06
   1.1198e-05
  -1.3191e-05
  -1.6532e-05
  -2.1250e-05
  -1.6187e-05
  -8.0430e-06
  -5.8320e-06
  -3.7807e-06
  -6.2410e-06
  -1.4983e-05
   2.4744e-06
   1.1699e-05
   5.3324e-06
  -7.2746e-06
  -6.0778e-06
  -3.2061e-07
  -7.5439e-08
   2.2098e-10
  -9.9933e-08
   6.8545e-07
   5.9080e-06
  -1.4404e-05
  -2.2196e-05
  -1.2929e-05
  -1.0771e-06
  -9.1582e-07
  -4.7352e-06
  -9.9436e-07
  -2.2991e-06
  -6.1542e-06
   6.6821e-06
   3.6512e-05
   4.0496e-05
   9.2020e-06
  -3.1598e-06
  -2.6170e-07
   1.1472e-08
  -7.7278e-12
   1.4099e-08
   3.5788e-08
  -1.6878e-06
  -5.8055e-06
  -2.7549e-06
  -3.1681e-06
   9.1352e-06
   6.7574e-06
  -2.1166e-06
   3.8011e-06
   3.7138e-07
  -1.9797e-06
  -2.0524e-07
   7.9509e-06
   2.5022e-05
   6.4641e-06
  -6.6580e-07
   1.5534e-08
   6.0645e-10
   0.0000e+00
  -8.4307e-10
   2.0505e-08
  -1.0240e-07
   4.5345e-08
  -1.4921e-07
   9.1238e-08
  -9.0072e-07
  -7.9827e-07
   5.6163e-08
   6.7216e-07
   3.7737e-08
   8.1221e-07
   4.7294e-06
  -2.4090e-07
  -2.2745e-06
  -5.6467e-07
   7.0015e-08
   3.4025e-12
   0.0000e+00

reg =

   0.0000e+00
   0.0000e+00
   0.0000e+00
   1.3094e-09
  -1.2094e-08
  -1.3194e-08
   1.9689e-08
  -2.5795e-07
   2.8825e-09
   7.6870e-09
   9.1691e-09
   1.6077e-09
   5.1001e-09
   2.2228e-08
   2.2307e-08
   7.1392e-08
   9.3730e-08
   7.9203e-09
  -1.3318e-09
  -2.1217e-12
   0.0000e+00
  -3.8438e-13
   1.6381e-10
  -1.6796e-08
   1.3690e-07
   1.5795e-07
   3.1509e-08
  -3.4810e-07
   6.4159e-09
  -2.1239e-08
  -1.7814e-07
  -2.4515e-08
  -5.3791e-08
  -2.3788e-07
  -1.5434e-07
  -6.5050e-07
  -8.8626e-07
   8.0429e-08
   1.3894e-07
   6.1501e-09
   3.0016e-09
   3.1101e-12
  -4.1452e-09
   5.6294e-09
   3.8079e-07
   9.1289e-07
   1.3325e-06
   1.3085e-06
  -1.0117e-06
  -1.4706e-06
  -4.6598e-07
  -6.2829e-07
  -7.5831e-08
  -7.5678e-07
  -2.5878e-06
  -4.4967e-06
  -3.6572e-06
  -9.0458e-07
   7.2993e-07
   9.4233e-09
  -8.7320e-09
   1.5665e-11
   1.7230e-08
   8.3283e-08
  -2.2925e-06
  -8.6471e-06
  -1.4383e-05
  -1.9867e-05
  -1.1721e-05
  -1.2288e-05
  -9.4213e-07
   5.0275e-06
  -1.7580e-06
  -5.2405e-07
  -8.8902e-06
  -1.1435e-05
  -1.6498e-05
  -2.0720e-05
  -1.9856e-05
  -6.2242e-07
  -2.9511e-07
   3.4615e-11
   9.2734e-08
  -8.0584e-07
  -1.3337e-06
  -4.5730e-06
  -4.4820e-05
  -3.6440e-05
  -2.2561e-07
   2.1463e-05
   3.2048e-05
   1.1579e-06
  -7.7427e-06
  -1.6050e-06
  -1.9947e-05
  -1.7679e-05
   2.9353e-05
   5.6782e-06
  -1.8270e-05
  -4.0846e-06
  -6.8772e-07
  -4.0196e-10
  -2.4940e-07
  -1.6749e-06
   2.4555e-05
   3.7993e-06
  -1.3998e-05
  -2.4768e-05
  -1.1234e-05
   3.7111e-05
   2.4387e-05
  -2.9258e-05
  -1.9239e-05
  -5.4642e-06
  -2.9567e-05
  -2.6232e-05
   6.1060e-05
   1.7029e-05
  -5.0153e-05
  -1.1821e-05
  -7.5513e-07
  -2.5229e-09
   2.0523e-07
  -1.1842e-05
  -5.1695e-06
  -8.5175e-06
  -2.5392e-05
  -1.3313e-05
  -1.5385e-05
  -7.2810e-06
  -1.8592e-05
  -1.6980e-05
  -1.2208e-05
  -5.6277e-06
  -1.6882e-05
  -3.0188e-05
  -2.9376e-05
  -1.7224e-06
  -2.9945e-05
  -1.8892e-05
  -4.9001e-07
  -1.2235e-08
   7.5979e-07
  -2.4496e-05
  -4.2934e-05
  -1.7054e-05
  -2.0079e-05
   7.6858e-07
  -1.1080e-05
   1.0889e-05
  -4.1092e-05
  -4.1285e-05
  -2.0895e-05
  -3.5479e-05
   2.1604e-05
   3.7641e-05
  -1.2788e-05
  -3.7336e-06
  -2.1411e-06
  -4.0241e-05
  -1.8844e-07
   2.9100e-07
  -3.5223e-06
  -1.8410e-05
  -1.2088e-05
  -3.2155e-05
  -2.2672e-05
   7.1457e-06
   6.4444e-06
  -6.3300e-06
  -3.9713e-05
  -1.2156e-05
   6.8753e-06
  -1.6340e-05
  -2.9581e-05
   8.5507e-06
  -4.7809e-06
  -1.7057e-05
  -2.5782e-05
  -4.7950e-05
  -7.2478e-06
   5.9502e-07
  -6.7476e-06
  -3.3331e-06
  -1.2467e-05
  -1.7325e-05
  -8.5237e-06
  -4.1944e-06
   3.8082e-06
   8.8552e-06
   1.1078e-05
   2.0756e-05
   1.2053e-05
   1.3378e-05
   9.7751e-06
   6.0097e-08
  -2.7128e-05
  -5.0563e-06
  -6.3909e-06
  -3.4663e-05
  -2.1324e-06
   3.8250e-07
  -3.6185e-06
   1.0424e-05
  -2.3050e-05
  -3.8081e-05
   4.4172e-06
  -6.5921e-06
   1.0536e-05
   5.3048e-05
   5.3021e-05
   3.4217e-05
   3.8863e-05
   2.7161e-06
   2.1950e-05
   2.0672e-06
   1.2466e-06
  -4.4779e-06
  -2.8930e-05
  -2.6854e-05
   5.4621e-07
   1.1865e-07
  -2.5929e-06
   8.5289e-06
   3.5044e-05
   1.0955e-05
  -1.0032e-05
  -1.5843e-05
   3.0339e-05
   2.3969e-05
   8.6592e-06
  -1.2600e-05
   4.7411e-06
  -3.0400e-05
  -1.8817e-05
   1.1891e-05
   1.5736e-05
   1.4142e-05
  -4.4127e-05
  -2.9151e-05
  -1.2089e-06
   3.6506e-07
  -3.2597e-06
  -3.6400e-05
  -4.0949e-05
  -2.0846e-05
  -3.3982e-05
  -8.3555e-06
  -2.8768e-07
   3.4214e-06
   3.9837e-06
   1.5263e-05
   1.5742e-05
  -1.7915e-05
  -1.3889e-05
  -1.6498e-05
  -1.6210e-05
   3.6340e-05
   9.9406e-06
  -1.3524e-05
  -1.8710e-06
   3.0150e-07
  -3.9712e-06
  -1.6131e-05
   2.1088e-05
   1.3214e-05
   3.1570e-05
  -1.2588e-05
  -2.0186e-05
   1.7562e-05
  -2.4250e-05
  -2.4232e-05
  -4.1217e-05
  -2.1298e-05
   2.0871e-05
   2.7423e-05
  -1.2460e-05
   2.0131e-05
   7.1045e-06
  -1.0624e-05
  -5.4389e-07
   4.4684e-08
  -3.3496e-07
  -8.8065e-06
  -8.6508e-06
  -1.7509e-06
  -6.6084e-06
  -1.8985e-05
  -1.5291e-05
  -3.8889e-05
  -3.5300e-05
  -1.9667e-05
  -3.1598e-05
  -2.1805e-05
   2.9222e-05
  -1.3406e-05
  -5.6735e-06
   3.2852e-05
  -1.5953e-05
  -9.3138e-06
  -5.2776e-07
  -2.3930e-09
   2.3013e-07
  -2.3367e-06
  -1.7571e-05
  -1.5906e-05
   1.3829e-05
  -9.7923e-06
  -2.5107e-05
  -2.0452e-05
  -1.5455e-05
  -2.0857e-05
  -2.6476e-05
  -2.4849e-05
  -2.1744e-05
  -1.1072e-05
   8.8842e-06
   3.1140e-06
  -1.9858e-05
  -2.4368e-07
  -1.1464e-07
  -2.4865e-10
  -2.1027e-07
   1.4453e-06
   1.1198e-05
  -1.3191e-05
  -1.6532e-05
  -2.1250e-05
  -1.6187e-05
  -8.0430e-06
  -5.8320e-06
  -3.7807e-06
  -6.2410e-06
  -1.4983e-05
   2.4744e-06
   1.1699e-05
   5.3324e-06
  -7.2746e-06
  -6.0778e-06
  -3.2061e-07
  -7.5439e-08
   2.2098e-10
  -9.9933e-08
   6.8545e-07
   5.9080e-06
  -1.4404e-05
  -2.2196e-05
  -1.2929e-05
  -1.0771e-06
  -9.1582e-07
  -4.7352e-06
  -9.9436e-07
  -2.2991e-06
  -6.1542e-06
   6.6821e-06
   3.6512e-05
   4.0496e-05
   9.2020e-06
  -3.1598e-06
  -2.6170e-07
   1.1472e-08
  -7.7278e-12
   1.4099e-08
   3.5788e-08
  -1.6878e-06
  -5.8055e-06
  -2.7549e-06
  -3.1681e-06
   9.1352e-06
   6.7574e-06
  -2.1166e-06
   3.8011e-06
   3.7138e-07
  -1.9797e-06
  -2.0524e-07
   7.9509e-06
   2.5022e-05
   6.4641e-06
  -6.6580e-07
   1.5534e-08
   6.0645e-10
   0.0000e+00
  -8.4307e-10
   2.0505e-08
  -1.0240e-07
   4.5345e-08
  -1.4921e-07
   9.1238e-08
  -9.0072e-07
  -7.9827e-07
   5.6163e-08
   6.7216e-07
   3.7737e-08
   8.1221e-07
   4.7294e-06
  -2.4090e-07
  -2.2745e-06
  -5.6467e-07
   7.0015e-08
   3.4025e-12
   0.0000e+00

grad =

   0.0018105
   0.0000000
   0.0000000
  -0.0000000
   0.0000000
   0.0000000
  -0.0000001
   0.0000009
   0.0000004
  -0.0000000
   0.0000000
   0.0000000
  -0.0000000
  -0.0000002
  -0.0000001
   0.0000000
   0.0000000
   0.0000000
  -0.0000000
  -0.0000000
   0.0000000
  -0.0000000
   0.0000000
   0.0000000
  -0.0000003
  -0.0000004
  -0.0000001
   0.0000013
   0.0000004
  -0.0000004
  -0.0000000
  -0.0000001
   0.0000006
   0.0000025
   0.0000010
  -0.0000005
  -0.0000007
  -0.0000003
  -0.0000003
  -0.0000000
  -0.0000000
   0.0000000
   0.0000000
  -0.0000000
  -0.0000015
  -0.0000025
  -0.0000032
  -0.0000039
   0.0000001
   0.0000021
  -0.0000018
  -0.0000012
   0.0000014
   0.0000071
   0.0000088
   0.0000059
  -0.0000018
  -0.0000038
  -0.0000022
   0.0000001
  -0.0000000
   0.0000000
  -0.0000001
   0.0000004
   0.0000101
   0.0000159
   0.0000194
   0.0000251
   0.0000138
   0.0000281
   0.0000125
   0.0000052
   0.0000028
  -0.0000031
   0.0000124
   0.0000163
   0.0000260
   0.0000560
   0.0000535
  -0.0000003
   0.0000003
   0.0000000
  -0.0000005
  -0.0000022
   0.0000632
   0.0001574
   0.0001368
   0.0000780
   0.0000594
   0.0000607
   0.0000651
   0.0000570
   0.0000137
  -0.0000364
   0.0000273
   0.0001267
   0.0001494
   0.0001362
   0.0000798
  -0.0000011
   0.0000003
  -0.0000000
  -0.0000016
   0.0000160
   0.0001274
   0.0002937
   0.0002088
   0.0001803
   0.0002244
   0.0002375
   0.0001821
   0.0001449
   0.0000660
  -0.0000072
   0.0001007
   0.0003046
   0.0003382
   0.0002640
   0.0001005
   0.0000001
   0.0000014
   0.0000000
  -0.0000034
   0.0000572
   0.0002088
   0.0003069
   0.0002219
   0.0003030
   0.0003982
   0.0003949
   0.0002025
   0.0001203
   0.0000796
   0.0001288
   0.0003358
   0.0005635
   0.0005649
   0.0003157
   0.0000855
   0.0000177
   0.0000009
   0.0000000
  -0.0000046
   0.0000835
   0.0002775
   0.0003530
   0.0004777
   0.0006593
   0.0007065
   0.0004566
   0.0001118
   0.0000843
   0.0002922
   0.0006582
   0.0007328
   0.0007906
   0.0007041
   0.0004719
   0.0001364
   0.0000438
  -0.0000035
  -0.0000014
   0.0000122
   0.0001221
   0.0002418
   0.0004862
   0.0008891
   0.0011827
   0.0011210
   0.0008200
   0.0004475
   0.0004179
   0.0007184
   0.0008613
   0.0007298
   0.0005326
   0.0005394
   0.0005678
   0.0002172
   0.0000246
   0.0000029
  -0.0000030
   0.0000278
   0.0001266
   0.0003376
   0.0006100
   0.0010287
   0.0011981
   0.0011753
   0.0011388
   0.0010983
   0.0010653
   0.0009893
   0.0006677
   0.0005060
   0.0005569
   0.0006596
   0.0005687
   0.0001733
   0.0000294
   0.0000014
  -0.0000020
   0.0000155
   0.0001156
   0.0004481
   0.0008888
   0.0009919
   0.0008293
   0.0007871
   0.0011221
   0.0014815
   0.0015133
   0.0013708
   0.0011835
   0.0010552
   0.0011644
   0.0010592
   0.0007192
   0.0001942
   0.0000305
  -0.0000026
  -0.0000004
  -0.0000038
   0.0001187
   0.0005182
   0.0009497
   0.0008432
   0.0006556
   0.0007963
   0.0012461
   0.0014444
   0.0014517
   0.0014112
   0.0014479
   0.0013497
   0.0012745
   0.0011209
   0.0006999
   0.0002793
   0.0000561
   0.0000001
  -0.0000003
  -0.0000027
   0.0000813
   0.0004781
   0.0007775
   0.0006977
   0.0008176
   0.0010173
   0.0009807
   0.0007398
   0.0006033
   0.0006406
   0.0007924
   0.0008929
   0.0010113
   0.0008649
   0.0004644
   0.0001244
   0.0000405
   0.0000046
  -0.0000001
  -0.0000012
   0.0000439
   0.0002196
   0.0004685
   0.0005944
   0.0007670
   0.0006494
   0.0002884
   0.0001129
   0.0000574
   0.0001776
   0.0002658
   0.0004117
   0.0006352
   0.0005961
   0.0003485
   0.0001579
   0.0000433
   0.0000016
  -0.0000000
  -0.0000023
   0.0000391
   0.0001588
   0.0002622
   0.0004806
   0.0004308
   0.0001973
   0.0000649
   0.0000097
  -0.0000027
   0.0000343
   0.0000642
   0.0001709
   0.0003671
   0.0003331
   0.0002046
   0.0001523
   0.0000346
   0.0000028
   0.0000000
  -0.0000004
   0.0000028
   0.0000447
   0.0001959
   0.0002348
   0.0000932
   0.0000397
   0.0000112
   0.0000089
   0.0000249
   0.0000291
   0.0000450
   0.0001260
   0.0001997
   0.0002185
   0.0001474
   0.0000662
  -0.0000005
   0.0000008
  -0.0000000
   0.0000000
  -0.0000026
   0.0000134
   0.0001376
   0.0001004
   0.0000455
   0.0000267
   0.0000002
   0.0000012
  -0.0000018
  -0.0000039
   0.0000167
   0.0000370
   0.0001341
   0.0002082
   0.0001010
   0.0000101
  -0.0000005
   0.0000011
   0.0000000
  -0.0000000
  -0.0000006
   0.0000081
   0.0000541
   0.0000368
   0.0000070
  -0.0000061
  -0.0000040
  -0.0000003
  -0.0000016
  -0.0000008
  -0.0000025
  -0.0000024
   0.0000618
   0.0000563
   0.0000041
   0.0000032
  -0.0000001
   0.0000001
  -0.0000000
   0.0000000
  -0.0000002
   0.0000003
   0.0000096
  -0.0000003
   0.0000003
  -0.0000145
  -0.0000122
   0.0000007
  -0.0000058
  -0.0000015
  -0.0000006
  -0.0000017
   0.0000106
  -0.0000053
  -0.0000059
   0.0000002
   0.0000000
  -0.0000000
   0.0000000
  -0.0000000
  -0.0000000
   0.0000001
  -0.0000010
  -0.0000004
  -0.0000002
   0.0000013
   0.0000010
  -0.0000002
  -0.0000010
   0.0000001
  -0.0000022
  -0.0000083
  -0.0000017
   0.0000004
   0.0000004
  -0.0000000
   0.0000000
   0.0000000

Iteration    42 | Cost: 1.553489e-02